-53.3810763147 0.659870277203 -43.9925138758
-61.21309877 -5.28361362705 -41.3917471797
-61.4450436474 -5.55335761747 -39.8066443682
-58.9399172728 2.27033654652 -55.3603044824
-58.299426786 8.30078897085 -60.4036354499
-62.3469667215 -6.94579586183 -28.4015303426
-59.6191559813 9.84330476772 -60.4302288213
-60.0077774153 5.42568994736 -55.9634670891
-59.6011805757 2.83867361842 -59.8494457701
-60.0368005376 1.16011666624 -50.8990980017
-21.8046890282 6.72761870507 -3.31710772773
-44.5446617053 11.0061957989 -24.9770451714
30.6771234199 15.442992272 32.3922364942
-34.1868618921 8.58012436734 -13.8896878327
-26.2051479341 4.19410294044 -4.12960989306
8.09763062829 15.126424535 3.158751113
-72.076276547 12.4731145061 -47.1895325883
-50.1164229756 -0.266974703823 -33.3262442648
-70.4539876627 11.4856123055 -46.8758572953
-59.691694704 13.8025898534 -59.6396476808
66.4550089411 5.40426661 -16.1987613185
62.4190845084 23.1713313 -10.5036041062
41.2986373705 16.9402078758 23.3956544931
34.217445991 24.2235265199 -5.5487667983
67.8592255197 4.99821898784 -15.9198244995
33.3948241598 28.1805671057 -1.38120188571
45.1863790506 24.9590390138 2.51695125975
42.1435361503 19.2046090846 23.3593735537
41.3670698288 19.507494758 28.6889159597
57.0890713148 30.474968824 1.78230568609
32.2998475663 12.8783467419 17.108402137
4.76537524451 27.5810518947 9.50731299145
6.47661458092 27.6494758959 7.54692324374
42.4033838425 29.1921357384 2.04465070713
54.4376335262 28.6878657064 -5.3101751302
39.6439452027 29.9015499884 2.57651721093
53.6501834986 24.5043154581 -3.18600436026
53.3153308358 31.1279425777 1.60326126376
-58.1467449997 14.9582224254 -60.6503880687
-70.9380689704 8.48397493341 -41.4397382704
36.1839175617 15.5931918198 32.9088318837
30.6106746094 11.2993491009 41.0536278958
15.8790281654 17.6825174793 11.1893429404
8.74109558266 27.0173311158 14.395089122
5.29490408494 -6.30217834915 6.16325571806
22.4008945137 29.2327893569 0.875254822695
29.2733820303 14.9900171022 29.8229647907
3.01372531349 18.3727452585 -0.726727740482
-35.7436111366 21.2937573238 -26.9797365066
-29.0506900171 -10.8384810993 -12.2358185001
-14.8285194856 -36.1558734977 13.8243699141
-22.127457399 -27.1600962696 2.43063310516
-58.3342675459 6.40849088186 -63.4367353488
-25.7432175895 -26.9732219212 -0.867892206369
-55.5318707654 -13.2794331225 -43.0160301856
-60.6449518696 -12.0854681093 -42.0519848182
-52.5453546293 -12.7612743134 -46.6344177632
-16.5000319019 -38.8558453624 13.1285337674
-56.7985466555 -14.4821425221 -41.8193070959
-72.6827688743 7.76733175796 -39.0755245347
-60.7277975623 -14.4395476791 -40.0483601426
-67.7787450444 -13.164219698 -33.6046029742
-65.7592444736 -6.95147974598 -25.2304458187
-74.2041398238 6.63550031016 -37.2173085011
-58.0506102783 10.9236770287 -64.5402343662
-28.2254939495 -26.9503579824 -3.35168569958
-66.133625453 -12.595534994 -36.7921043229
-16.5574002222 -23.1235973416 -1.40569996174
-35.7507050562 -6.78630233617 -11.6785111022
18.6716103715 -1.93209569439 45.8518249967
7.48150413276 4.31902873605 23.6145590763
7.96972090077 1.87807937693 25.8211079298
-8.87889237405 -2.77682745939 7.83530917303
7.35276883204 -7.99115903604 40.0412291148
-8.05225626819 -10.695701456 4.61481134193
8.31562148862 5.64174256229 23.8845148622
8.51555539545 2.16805516084 27.7800735665
-11.87876993 -39.1554644465 16.3326336934
64.7722898875 -8.25689199138 -13.9059521655
61.2556328432 -14.5909894948 -14.4192519026
52.9798684006 -13.4278999407 -0.672760976566
62.1372761017 5.17512682095 -11.5008379866
57.4999596433 -7.80471859319 -16.8507082326
37.6952486157 -5.99093076923 11.7269622791
59.9868876579 -10.7891057899 -12.6970803849
37.5137615371 10.1340822985 17.3507131872
-71.5418592467 11.6488532934 -46.1443637611
3.26330993963 21.8936780275 14.5947454522
-5.31222943845 -2.37219617619 5.67609979818
-37.2686201437 10.4324987122 -19.1318909741
1.2275386429 26.2183943396 12.4006833662
-0.0541458603181 10.465435546 30.2644569944
3.10130701201 23.88868417 14.8917264396
16.1129353742 22.1961135063 7.36531625751
8.62599448464 6.44916326701 29.5791591866
3.18953141269 7.16153172267 12.7964456298
-27.7283046726 24.6889544033 -23.0087799271
13.0036771383 5.92573596554 28.5374587762
0.953899969018 25.214529088 14.1613799709
-62.0677698284 -8.25411437258 -34.9074499679
4.17629678232 -4.48343600231 8.18972915801
30.8387779881 11.9074388639 42.8870368232
24.6739980824 -1.74623260705 39.1097923929
63.7740079972 -13.9479347697 -10.8350183346
7.13501244781 -3.04921346825 24.6886908851
27.0465849913 -0.271233893195 43.2531706171
32.234874109 9.09475110807 43.5414531274
29.7678421255 9.67471982498 43.2610264682
43.2679824033 -9.17859230531 28.7819048906
58.2989963168 -8.79045466376 -16.3926837231
2.30878929117 -3.21862809896 6.17859656354
-32.9697813703 -9.4242907329 -15.3046390325
-58.4373447652 -6.83592990502 -47.2874762762
-10.2568658224 -7.35061573903 8.52651894085
1.35911348921 4.70477635192 11.4103550312
-58.1668046452 -0.00558488302726 -57.4517445153
-24.1163475581 -23.9047869971 1.04959930707
-60.949705013 9.92746977612 -63.1957536788
-58.4011251685 6.61759871186 -61.6284823165
-26.1652064091 -23.4065312082 0.178620402903
-64.7177225607 -8.43764333259 -32.8918603897
58.6761988336 -14.5947772555 -14.653680209
-50.920417891 -14.4453067284 -45.1413820605
3.60268361854 -7.31790213581 12.4170370964
-22.3569562965 -21.5542604392 -2.77969667434
-23.186690843 -26.7941103304 13.2098517189
-49.8352909073 -13.3574931376 -47.1530931966
-31.0186067332 -21.7906428944 -0.699564630597
5.26326381559 -40.4658999842 17.7171635797
-30.5677386234 -19.8474507069 -3.70049143651
-19.9149887265 -29.9531756045 7.07573011963
-62.2614297837 -8.01163886496 -24.3847196153
1.59067517918 7.57831496774 13.7178259077
0.867402060327 23.9011610098 13.5224107383
11.5368443696 -10.9852421553 37.9684965871
-0.453799317983 10.3370376557 33.9379459271
25.4173712105 12.1240148081 37.1929528438
10.3160331064 3.74789863672 39.1220603143
-16.8982618934 3.20424072376 11.7140355274
1.91027471038 4.27733144306 41.8615427109
39.5274756001 18.9681648621 33.6391383647
3.94523696348 -6.67855383963 11.4869781227
56.1565714586 29.7180413375 2.74075315177
38.2050191393 12.728202191 18.1059437999
41.9450944369 13.457852783 12.3873976228
3.13016105796 -12.9832069878 14.9078167413
20.9102457796 -1.82568165041 40.8197962424
6.20052517945 9.67514380317 38.4022534888
47.5292534699 16.5211221555 -6.19522750287
-58.807584472 15.9291878357 -56.6067163143
29.6775287146 -3.61060150717 37.1037202079
8.37950210206 -1.67946631772 21.7660465784
7.52800909604 -1.32310408705 23.8765695954
20.1370091116 -2.12842725383 43.9959672355
9.52962652239 2.85093111509 29.2597375615
2.80234814642 10.5717969118 38.2552371767
6.44039111782 -6.41519329622 39.3371972896
24.9818809708 -3.29846649303 26.6182455832
38.1486962978 9.75220528155 22.4769943908
58.9881898521 -11.79992991 -14.3158248498
57.7052613867 -15.2570823311 -7.25487190708
37.759203804 -11.5742864394 18.741958658
38.0408238209 -10.8854957809 20.3783314311
64.343316831 1.62504074013 -8.89002180057
13.3575163114 4.3824507066 28.2559792054
37.8104199403 12.942628592 19.6371752504
50.8440020865 -12.2046800865 6.25748158787
1.45057800778 -18.2629935446 18.7493324458
62.390435604 -1.02479501641 -13.2439744162
-31.8242658362 -19.6580403 -4.52335827286
41.6350969743 16.3566982784 25.5191373104
10.6714344813 -14.4796427446 35.9252589904
-9.91632034541 -38.4438086904 18.4640168569
3.17566884549 -33.3754042921 29.2120562639
-2.97297638576 -36.1546475008 17.8666810801
-2.10489274407 -36.6889926472 31.1061972798
10.8374149546 -12.5988495863 34.501785485
10.0513533495 -11.5652731225 36.4222222615
2.92190831059 -14.0323146834 22.0510608876
-14.9055721289 -38.4373987563 14.7110547166
4.98192206584 -21.8939599034 35.1995552243
5.82791019522 -26.3276275303 33.5136970335
-12.2638327384 -31.8206280102 11.8845730825
-4.59538082351 -13.4290865827 6.14864890999
-12.4103287313 -44.4852345864 20.5007440306
-7.71437613935 -18.5615058024 29.1884269053
-6.15345055637 -36.350736927 13.212528148
0.460151690253 -13.1740023319 19.7040467822
6.4935163433 -3.91973545145 38.6877869106
15.6407414107 -10.3371528992 32.8151098147
7.98843001369 -14.1940404047 14.0790226315
-73.8895609556 7.82387714274 -36.958710677
59.4958510331 -7.67235480645 -18.0300514994
-60.6304574036 5.0220898883 -52.6842985327
-2.5330466381 -0.356015344493 4.65267013931
-60.7806995374 15.8583210515 -46.6656893277
56.3255493925 21.557579704 -7.70486675993
35.9219037876 11.307189261 18.1786783839
0.751242166592 -2.73027363411 2.14173877136
-44.8478527174 10.7201537988 -26.706912018
57.7490071065 0.770100116609 -14.8787777132
-2.97262434725 -33.8699496402 35.8897430913
-10.9068825957 -41.3123391012 19.7673280226
2.859261047 -25.9632223482 38.0909211862
9.33274014693 -35.0028048833 28.7063874173
-12.2729151163 -42.0638350814 26.0755032553
34.675486365 -12.125136514 16.764218326
0.0865854659392 -35.1098212392 34.4053782449
-10.4624938131 -46.720709006 22.9319902187
-15.3403754498 -42.5997822783 29.0503477766
39.9514799871 -8.65986438209 20.7419173853
7.81774934631 15.1741864394 7.99513997627
58.4259924418 24.2599171738 1.50015664809
64.5212073887 8.2771673401 -11.3992680471
62.4866844573 19.4620516643 0.277523460911
64.3434670674 12.4010856126 -12.9761080206
42.6274092727 14.0948803696 10.8692039649
-58.8180322971 5.09750245787 -57.9195956972
6.24804669045 16.5251152224 2.49390525994
5.92377863094 27.263414018 9.42396603116
-66.1789919248 7.66914210888 -44.550660098
-65.6458232329 -4.21509712821 -41.725286104
41.3507713845 -10.1249786515 30.7676703491
48.4353643254 -13.3180352187 7.32238647743
12.2362633435 -4.41145007286 40.0010256242
27.6040802527 0.0206704304682 32.6203898715
2.69842783291 11.8814426913 33.8894183899
13.6914427917 -19.0177989623 33.1622868206
38.5294403608 -3.92697907515 11.9293335726
54.417643172 31.7398917948 6.13976695288
59.7484392639 -3.18036004306 -11.3139883025
51.2502268203 27.5381062095 3.12140311638
36.4106948108 -7.46561192681 11.8842140941
45.58099202 28.3725114219 1.02306828249
43.0816127241 -8.0852541995 30.0030194476
-3.91304222666 -1.09759449663 5.5404784462
29.8242558348 11.3374732476 25.9178372739
-2.1854059403 -3.97551897963 2.51269357836
58.3993659472 26.897831727 3.89180847477
57.5346933719 -14.8127422338 -4.88735836615
28.9732033061 -10.939198383 20.6516260027
12.8510220981 -15.6663952126 34.2160523039
43.3047790564 -11.7147992484 27.9405899545
51.8116194237 -16.5190017052 -1.29456358707
54.9240106729 -12.1859263968 -4.96884780767
29.5336538953 -6.0114861755 38.5764225903
32.5180056208 10.8315529699 43.6611914007
31.0133034992 -5.42799236901 35.1615125813
61.7743969785 -6.82762539059 -9.6110223364
-6.99042947613 -36.8733218983 20.4206153448
-11.7591807522 -43.2923408542 27.7637892672
-11.9880300197 -46.22379487 23.2980025761
-4.684545201 -34.4176044496 22.8629275908
-6.80833748482 -38.2193828047 19.801716814
2.9720218419 -28.3296533942 35.561195612
-2.78583506595 -34.7478314395 17.6014774991
25.743588555 -2.87278541257 36.8037923477
11.3821623596 -37.9975556036 20.2968572515
10.6391895276 -8.20668209935 40.5365937868
28.00455245 -8.9015148118 17.9978583453
-0.218546365462 -31.6891839085 25.3530734502
8.04549999057 -15.6711301636 30.7488024237
8.63541629698 -23.7213435537 30.9189465616
8.4865633453 -4.24608090541 40.0039457241
-0.177209557875 13.5732825313 28.8948176692
53.3038053441 -15.1041994026 0.996628525938
10.2852127231 4.51657770948 28.6531521113
10.0258441942 -4.12767213015 38.5224796972
63.7039901538 0.0140822291003 -8.84523369724
16.329655694 -19.5108011022 35.4387749328
13.3751116602 -6.36287389528 40.6895925521
27.8467710778 -4.22311897178 40.7329786982
4.09293348712 -2.32465673615 44.199466801
22.6779470834 -4.18365525619 36.6287406756
4.68487670378 -0.258354283859 44.0021617694
-34.0181317151 11.461084998 -15.1017074076
42.2739779619 18.8043988291 21.5492445754
-0.345466294732 -35.55368234 32.2088436679
-62.6495638353 -8.35363561756 -43.4294150633
-57.9003704257 11.7269035236 -59.9859293894
51.8948111231 1.88448408371 -9.67890995028
9.24494562653 -10.1005522012 11.5368543597
-64.6142361486 -12.8750993962 -30.5919788479
-61.9061948298 13.9301667812 -53.5093011933
15.3694763848 2.68831681555 26.098547707
-59.2621538403 3.23855222675 -56.8724378834
-68.9275617073 6.85310294216 -41.4340258346
-67.2677166083 1.90924279951 -41.6698674423
50.2686552276 -13.4513935266 -3.02357387511
-68.0097381961 -9.19166451224 -40.5861134947
-65.144352846 -2.06879117985 -42.3107023959
10.9642773987 -6.43665767721 42.989492228
20.7252258773 3.27526331907 41.6813645275
-20.0272469745 26.9618886413 -3.33658925938
29.0623775306 16.4848927478 33.4452485855
13.2859494136 -38.1246216936 19.0350610841
0.115969921844 14.6813367077 32.2533154511
6.17303196422 -17.6185205127 31.5809749991
5.98049660219 -32.6888297731 34.0159588335
0.574648695156 -33.5817917803 32.6255179268
3.149414238 -34.9534869993 27.4662878147
-66.5736840335 -13.3218226981 -35.3319793508
4.26445859275 -32.4249715324 27.7550207425
21.2231943791 -2.80571656327 44.9764504925
11.8445707645 -9.64210589152 42.755397194
28.1316854986 -1.84644891618 25.2319023315
12.8944399064 -28.9321613654 29.9688793173
-12.4564536481 -40.3440992343 19.2128263148
14.0169968886 -16.1213849574 35.9772209059
-5.24688501403 -34.472028628 21.5782731375
4.09945181584 -28.6713264005 34.474405846
23.0779732658 -2.19689635708 44.5026781124
40.5387754067 11.6638085369 13.597250032
5.84599771058 -37.7844390987 22.6291339215
-6.21364608764 -19.1780501515 30.5045002213
-17.2103561473 -37.5527917387 11.9119945282
-9.59716288854 -42.2455751617 20.6141327639
-22.1011920031 -24.1822539111 -0.77897134732
-56.8952613115 7.59376701187 -62.6661683803
-53.2461508821 -13.6553558063 -44.7297417778
-6.32781162404 -42.9858025351 21.286423244
-10.8502059536 -3.86671220874 7.43534259643
-51.7015314685 -14.0535422534 -46.6652333572
34.3682276436 -18.2853384504 27.6607193007
-20.5880414673 -29.2652817144 4.9023520714
66.8061200465 7.17225468073 -15.1000145376
63.6056529041 -9.51274738804 -13.9725550319
62.6767038714 -12.6249284876 -14.9840506802
42.5001177126 14.6147155204 27.1275834087
63.2834651714 19.4240306695 -1.45444369168
-68.5092750427 8.04737312747 -42.4800643308
61.2824224937 -0.814118484415 -14.2411880406
-42.8859811928 4.25379232417 -48.2941876944
35.0040696247 -7.27601275567 12.5118288565
57.439679479 -4.66019631185 -13.1880127008
28.7370759947 14.0828076923 28.4210172242
44.2441105672 -12.7582598643 6.05723163834
28.4229252609 -8.73452827252 20.4805763659
38.2319779747 -10.629525912 6.24169344075
56.3575940266 -15.7322855941 -4.53163231423
-3.94789460312 -21.7085985838 6.39628802974
23.7929309319 -5.37756767193 20.4587170407
46.3286397854 -7.18529455973 -1.89976368303
31.079157207 -10.1833015795 20.2297600994
-10.0969323299 -38.9156920914 14.4212099792
54.6505735972 3.46547074328 -16.157894323
40.4281660184 18.4703921367 31.1760921131
48.1809977077 18.2907607239 -5.59812450236
37.1712627889 18.7964347873 32.4520962897
35.8756508801 12.0336440916 16.2761875152
38.3179526127 17.7046351542 33.0061075838
-18.2115781204 23.663663416 -4.19888105796
35.1928797914 26.9875743516 -6.52574918844
52.2392434504 1.70138438267 -13.3111336809
43.6748846344 26.5356077304 -1.03731252746
39.7859526994 10.0206821203 21.6534993106
3.55334620112 -41.9608100516 20.8986325156
4.94149038033 -39.9592001355 21.0416008049
3.82331927516 -34.1092452934 33.5096311523
3.51926335947 -15.7638005479 17.4404607966
-9.66420230726 -36.5673604721 13.6066172647
1.17755977376 12.684433958 4.91533767612
22.0649151402 -3.43133339491 39.7530842155
10.6937344803 1.51124615797 31.4611268883
58.628537987 26.1981391496 2.0919709882
56.010959451 22.9507334388 -1.79693882771
2.9625073918 13.1121899467 5.75055640887
-59.7005130973 15.6806093016 -48.5322809942
-60.7257847029 -8.36263768505 -43.7952218279
51.1621691466 -13.6342997649 4.28232633259
10.6464157204 -6.04028234418 11.0272921165
34.9674322949 -16.1691966305 9.07997931026
25.5377301952 -9.30526917212 21.3470522399
39.7611823541 -10.8895940029 19.2056183704
10.3704330959 13.9140857491 4.01915815461
27.6236751522 0.817498468698 36.657364333
12.0561143704 -4.13686045461 19.3174659848
-25.277814224 -8.87657015049 -8.96159765071
9.83227701496 -39.2648766306 18.6844071058
50.1517574413 1.86355308263 -11.5394305189
49.9323151174 0.972545307188 -9.87300815415
-27.9179405085 6.39019100235 -8.71894340162
38.7780960931 -5.1456486262 9.89915089427
45.1558803959 -9.86991691756 -2.08617500393
19.0987604606 2.61773731309 28.6606442671
33.9537634071 14.553412388 33.3204409074
7.6126952907 -10.12381871 11.2101633418
44.4538578939 -7.25042422019 -2.98410988857
27.8358036309 11.4464853192 26.7719784285
40.2966429563 22.9390894324 32.9342898468
7.59636468704 -14.6858207539 15.4349684009
37.0326237357 22.9545605564 32.2723182429
9.21857331326 -0.0348733032797 31.4118027227
-42.4497428347 20.6145969022 -40.6550852405
7.75667499258 25.8198475586 14.3564706635
4.38121048817 3.6848142933 12.7276446277
19.7202112032 27.7278419849 2.54461049747
15.0797381962 22.4781167896 3.92968022487
-28.8091924786 -20.3684093415 2.28820782917
-22.939807014 -26.573078819 0.441047453638
-9.00790375327 -30.2048916596 20.4412015231
1.6244000336 -32.0110410047 26.789842795
14.2672080189 -3.25565253101 41.0611170217
-23.8801300695 -25.3836776381 2.86083514057
-22.6191281653 -22.5626447192 -0.394131437237
-7.86018233142 -30.0172420794 21.5045776419
-27.7072471017 -21.8372843296 0.31883743159
-58.4485938366 8.82906713411 -63.3341271144
3.57811432246 -29.8698523908 29.7382583337
-9.12349968754 -43.6037989161 23.7647925754
16.046247375 13.0947782533 19.8336043298
12.0560804481 -17.1101183721 34.2953880888
-11.2457463925 -34.545935098 13.2922690095
-7.49057595156 -4.29611740952 7.62555796772
3.93344820074 -12.9417369934 23.2590532508
9.46234818098 -34.9933313729 27.1194944933
16.5437371992 14.1038058185 18.1688842011
8.09395400413 -40.1441774441 17.7144520985
59.6777002901 -6.23066843471 -10.556216477
58.0403240783 -2.79501002463 -11.4506162766
63.3069724122 10.3647289354 -12.2326815224
44.7260961802 22.1335091445 3.27967095522
27.4286004867 2.64157135961 37.4075512615
57.8207120149 2.2311609352 -11.0219667669
36.8102822152 12.0953110516 14.7797011427
5.93796890448 3.36387655636 23.0103109564
-57.8018999049 14.4815435417 -56.9191503012
63.3899805135 3.87984137406 -10.1546572355
-0.634465913112 12.7683613338 27.1485025149
58.272894872 -16.4942838326 -15.5176916443
17.703377021 2.68584090988 26.6910139749
38.7635609339 14.9907304731 22.7661552322
38.8938265295 -7.75679815863 21.5219134773
-64.1665228526 -7.66348295726 -41.3999747525
-22.9785501933 -8.57240643422 -9.405822781
32.7635509598 14.4942022332 13.6775385186
-55.7081802918 -2.7310437634 -51.8399827872
-28.2896729096 -10.3754383072 -10.9786427655
17.044835062 23.3778256087 8.73663809596
65.2044555107 -13.2661531173 -11.7478008841
52.74924861 32.9998746422 5.99329898864
64.6912777463 -11.4132013775 -13.3715192577
64.8489818615 5.59233337747 -14.6061399788
33.7265230997 29.8100178524 0.12091135271
54.6790713263 28.2002681765 0.871815051718
35.893758364 18.6467508618 33.2328766761
60.7413060814 -8.176121829 -14.8988623539
6.45908915733 -0.000100769415206 25.7075655733
-9.81245784651 -16.0689946023 36.641443406
-58.0024406711 13.1085077732 -63.4678782819
-42.9085761225 19.333009103 -41.1540869646
41.0379908516 26.6035714423 -0.100779835972
-44.8581760059 20.5685838859 -42.3599329298
58.222474539 28.1224292944 -7.94790297221
-43.647280035 5.0338988216 -48.323711957
-1.5556052867 8.49601093863 3.81485711621
-53.3015114434 16.6420225266 -47.4296845704
-51.9438961647 17.0393857863 -46.6445071846
23.9496260379 1.03883272064 29.9776550337
6.11705195456 -14.084593739 13.0966206513
29.9392933073 12.7291357529 29.1463859247
55.3226057877 1.71826653077 -13.242449993
61.2791399921 -5.0419172902 -11.3110637667
57.100060196 -16.6464981783 -15.8457661774
30.1242607515 9.32468408164 40.153958035
11.3412003226 -5.02499985204 9.70062954077
6.42492241362 -6.41842671718 9.62517883041
28.0722565725 9.49111259042 28.136064689
-10.4061027714 -41.1394216797 23.2067149519
5.81005491945 -27.6131695401 34.7056665059
-2.75178042894 -21.6401694952 6.89672348915
-7.86991892296 -12.0758213652 4.71163249816
-27.2907987538 4.51882203524 -7.11779608266
63.7410897931 -14.0597003417 -13.1599954988
46.332618231 -9.12181421407 -0.958631824924
12.5406224769 -1.26015984965 39.493583021
28.9888742 12.1012516879 39.7204937863
4.703570076 -15.1299210932 13.0926645582
10.5364252287 -16.3445940696 31.457437194
25.0803610087 0.436757261022 31.2042715999
8.8788938914 4.71459730376 38.654219173
3.73797485053 -5.61615165771 40.925330466
3.83567143167 -16.0363538669 12.2236493362
-2.87037107718 -18.8957605056 31.2839984463
6.58932192702 -21.2057980955 30.6031505446
-65.7885076487 -13.1814353782 -31.9711486862
28.2236121911 -2.20500585465 34.0709457578
-2.32448550291 7.51967243853 3.36451845809
-27.2318335305 -20.6259796741 2.22196299714
-25.8088603566 -17.0293493664 6.47319818001
37.5911655141 -9.41215850174 7.70577467782
14.9909540311 -8.229610665 39.3481803736
9.81632994828 -2.26190604035 38.361956525
26.647748823 -7.83824050707 20.5039057612
20.2410841113 -3.61080273503 40.6112695861
-3.24879944627 -6.75624378474 2.30720079783
36.5914800379 -10.5453853961 7.71181734377
47.5122792296 -11.2802200768 -3.25295147924
57.5754010344 23.7534845041 -9.55877492698
45.7230210731 24.5087882542 -2.46891665118
60.1421700733 16.6486196445 -9.7427765515
51.8713551038 30.9815693058 -0.998074419103
59.4031268372 28.9994079214 3.72784203685
61.8789858568 15.3069431098 -10.913725851
43.8045960464 29.7185788279 -1.95523947016
44.3861946925 24.2966139109 -3.54963650501
47.6389985151 33.8857714337 -1.00145778947
36.4318337833 29.6974587197 1.12384919418
6.22199438992 -23.5450708434 31.024976089
8.25551867784 -19.3657605002 35.9034670742
5.72885749289 -19.3483753459 33.5403504471
1.62021206533 -33.0437252974 34.5166755085
-0.54918838175 -19.5321749211 32.085166554
-3.4222216818 -32.945208117 22.3276642324
-11.8173177167 -46.2733732944 20.7670606142
30.866412676 7.01221451591 42.5490888298
56.2167094804 -18.6011924619 -16.723564215
25.6991086725 -2.95149645113 27.7006802416
46.711447957 -9.99381866465 -5.33469563234
4.51514359085 2.28483491838 11.684981429
-23.5272670433 -26.7985578521 14.1023734931
19.9315032748 -0.101321387784 40.6336382034
0.656499347594 -18.9466898475 31.5934214898
3.5369045983 5.62685450895 14.4486093366
-20.8402685844 11.6956841134 -4.70791619793
40.9562848648 -6.15379350936 8.18170738878
4.18144213589 -0.901274515862 39.969405422
-17.1490051996 1.53164429294 14.4875434176
-22.3229039632 -5.52663387243 1.81560365008
-26.8344799748 6.95249074551 -3.18482881354
-27.2657696828 -18.7114453328 1.89952305738
-19.1340004982 -29.0005487775 14.5095105597
-12.625436784 -40.1498324162 27.5774777406
31.629665926 0.991080498908 40.2972939998
-3.80620449059 -18.3141460431 28.8303477561
-9.72744297824 -44.4417997404 19.4081804297
-5.38291257215 -17.9263132862 29.5390756212
-8.81818774496 -16.23538691 34.4232593532
-14.7579603143 -35.4527430858 17.1200476932
16.1193692565 16.7091819431 10.2896121887
-6.7570596212 -17.3596462155 31.0796206893
-8.4889589608 -40.6935533376 18.084455994
13.1985194207 27.3433955413 13.1701922461
-27.3577525397 19.5798979276 -11.0821504433
-44.8567983817 13.0689142056 -29.8175999074
-22.0575175049 24.7113439082 -10.2845791482
50.4728625072 22.8643594227 -3.48279858447
-60.0854583163 10.1880448578 -58.6407222313
-34.541423278 13.3900007291 -15.699835097
-66.4508433602 8.21978082475 -41.6587075833
-23.4097699865 25.0527999935 -10.0920125216
22.6755247699 29.8490334341 -0.537874924893
-53.6041063414 -3.29750980152 -49.6834498818
-59.7744384504 3.34743854453 -45.6611630273
-49.4307430179 -1.59145438063 -44.7616724919
-35.0267770857 7.15269178066 -16.3981665816
-25.8013300136 24.9861521266 -21.4606687565
-65.0514537592 -4.7880967556 -28.0818711005
-54.1878698553 -1.59940605558 -34.9688972176
-56.5867667343 -1.29170884261 -35.9504966544
-36.1477498357 -6.47622453543 -16.3331924774
-63.0149180544 -6.80178761498 -25.3233192365
-38.3521381604 8.13195463123 -13.2130732852
-55.4967266491 -5.79270711989 -48.1544757415
-49.4643941891 14.1071750726 -38.5845314661
-53.7713776321 -4.47019889257 -47.7747235861
-68.7793251508 -8.78468211871 -31.1561235261
13.1542488621 14.1905986836 12.9001755277
-57.3736880889 2.63904638432 -57.7270764702
-61.9855776291 -11.3525370076 -29.2529183006
-55.7493068796 -4.14911936845 -47.7491915087
-58.2147819068 -1.52278270804 -35.5956741099
-62.2762197203 -9.2349451851 -38.50115808
47.5993386664 3.91355428727 -9.4283963009
-23.2374903586 -4.21870001321 -0.526986403433
-37.2124686066 -1.67095174738 -16.3895236587
-18.7674270585 25.937294578 -4.36664728269
-13.4695452076 1.86010231908 11.2250150965
-31.1366986128 9.71812684471 -9.63872880326
-20.0768668924 24.7919378312 -4.04687389262
-32.5847802052 9.01937040592 -10.2523387745
1.37466509902 12.4215564167 33.0067500317
-68.5434114538 -6.53539711874 -44.6856736826
51.3512872133 18.9130728984 -9.21241441202
24.9210970727 25.9969348994 0.49459487855
56.5106821999 3.90631359848 -15.599659588
-42.3989893111 20.0485640819 -39.0549628838
46.8379020416 26.1981379279 2.61967677004
-45.1297427277 15.0256297974 -34.1057996097
-39.1038715763 16.8636580121 -29.074326885
-26.3169497441 26.3131950248 -21.095983287
63.743635602 20.1441191157 -10.8868656508
-28.7192390847 27.0698086316 -22.0967627445
-54.4087306821 -1.00955968632 -52.3701891087
0.443314948917 10.0424198059 31.5935396437
48.1591894488 2.75945786514 -12.0898661753
-5.88106771417 -4.74403860436 2.27608089989
-29.1952290946 12.1554542755 -6.69800515754
-9.85971713341 -4.09769637034 4.16208725515
39.2108549021 10.6943712501 14.54261671
-33.945485064 0.261579220875 -14.8275420086
48.1551413598 4.74906395953 -9.24607604001
-27.8362870288 9.10636199936 -7.19906889899
60.1642837097 18.6580626954 -11.4434029642
59.1193564808 3.85046615366 -16.8087935841
62.9105905219 5.91342836034 -16.4144641069
58.339283822 22.3216521671 -8.23104192655
57.0772735049 4.65590651412 -17.0059927707
4.49222178629 19.4648099472 0.544861500735
34.8495316463 25.1965491091 -6.00716355616
43.0576481248 24.3281067331 0.23044349002
7.50584654662 17.9427066504 2.72559221036
62.1370675038 12.3887899299 -12.0056490253
6.47162847338 -40.0644133548 19.7545344592
-2.75614134297 -35.1580042941 34.4121711657
-9.01693748681 -44.4080535389 25.8552572808
14.8418135816 4.65224522123 31.2133760427
-64.1965932601 -10.7619587442 -30.7254552266
6.57707579558 -4.63489496274 44.0484175762
-13.1613840096 -33.3995271765 12.3303554822
5.42758965092 -2.85305199251 42.3161847287
-53.0284442335 -0.0032677523849 -35.2926564538
-50.3164311243 10.3711398024 -39.5487368424
-19.0301838998 21.1060516491 -5.68501826432
14.5250049068 26.3826034002 13.7052156131
-22.1938570017 27.9400005197 -8.596860238
-36.0261902883 9.68125700044 -15.6667615903
-21.4580514069 25.3542629487 -7.62192807091
-30.4643988652 21.6063792138 -22.9112623045
-57.1077333833 -1.70270017849 -40.8165169262
-64.554822628 7.07995531131 -45.35066314
-8.79738179094 -43.258151994 17.9803234482
16.1784479356 23.7473761425 6.0757118247
18.3136175767 25.6461010094 9.91754302184
-31.2319758518 17.8078848215 -13.6040994679
53.4986363548 30.4853338066 -1.52295045239
43.0656530874 23.5563681877 1.94917066527
53.3714847594 29.6947750337 2.32627608651
53.4386220971 30.6977857194 4.61449518584
38.2314420569 21.6355901835 32.6208983441
6.21860227059 27.0454275837 11.3111947543
-22.9329938732 23.4794760487 -8.42772715844
-36.5721914723 14.8701542818 -26.1904400183
-14.2625601215 24.6735633777 -3.85509577781
-41.8366780727 16.3050623358 -28.5408219776
-44.4331857683 12.8583038286 -28.1832104194
-33.7220961933 24.6455480361 -24.840236587
-48.6875418155 11.5791424482 -36.7630016177
-46.5853994455 15.3762704413 -36.0994615435
57.3546838305 26.1631004993 -8.17554767914
-34.8152019361 22.7762903299 -22.2487631708
0.692330108346 -1.87265596587 0.352608734013
-36.5875402337 9.28733920835 -10.6606318167
-60.8608699169 -5.82834979246 -29.9542414853
-41.1319459332 -1.24522980325 -19.3086993558
-36.899600145 5.83547735333 -16.5942113237
-32.5802441861 5.3594777463 -17.164843871
-62.5025178994 11.7248263573 -48.3124112837
-71.3699179412 6.85513408896 -39.1851571661
11.2667197877 -38.9607059079 18.4916628207
38.8432347753 -7.28334504825 8.07073731215
26.088025602 9.54265754919 26.8395477727
0.535921713077 -11.7314009731 22.6634180614
2.3195421324 8.61664712154 12.3420397071
30.3779308395 -3.24151670932 34.552249832
39.8790771919 -13.3920015373 26.3577949284
41.575134709 -12.723280471 26.6221407678
38.6026525494 -14.2433544182 27.7394918114
25.704616 -1.46047287691 34.6194576777
-23.1126515505 21.6297780555 -10.1509155765
-21.4940021242 25.5030859719 -12.8302583781
-50.1318422845 14.7545500279 -34.1746746814
-40.5434371994 21.1740754352 -37.3110013255
-24.7272382736 26.9210504649 -17.6911078521
-43.6569508979 15.4436334269 -31.8607122174
-60.2282445302 18.3490256887 -50.0492649757
-46.7120076661 13.1551894855 -35.2291159265
6.14910099452 25.6795227152 13.4584680946
21.0057352157 29.767808265 -0.548947093639
-25.878892259 -13.6210041357 4.99113900406
-46.9873934836 13.6475240329 -26.0447289751
-68.1226061232 3.42963308682 -41.0922693167
-12.1609453244 25.4061575406 -2.51574079949
-20.7021532688 26.4621527424 -11.1271633438
-31.8576141117 23.3709214855 -24.8376263076
-58.7118214959 17.7282527438 -54.0101103849
-37.1152530924 20.8249596614 -27.9782755571
-31.8039832263 20.4761758856 -20.6833428457
-28.1251679259 -1.17296782689 -8.14633795238
-31.2955917611 -2.41615595488 -11.5156821141
-24.9916660628 -22.1022513869 -1.75022288783
-26.3644635581 -5.33892444961 -6.34396107705
-27.899380501 -3.15764369354 -8.02883278251
-55.8939315475 4.73507553108 -61.5919335536
-34.2823832543 -9.45515968041 -16.7046523779
-30.3267135705 3.91988336769 -14.5018279503
-0.909952325547 13.459825544 24.9718704106
-27.3694620223 -17.3915611285 -3.61227942478
-55.9662655555 15.6029613414 -48.6583839177
-50.2061859104 14.157652919 -35.8084370053
-39.8125244078 15.121088177 -27.9564749231
46.1584319979 23.4838640393 4.60444398436
-39.1475501269 13.7951687331 -28.6127481409
-34.9383653599 21.9133346527 -23.790682762
54.5798407989 -14.8880842504 -0.856475807449
24.6568196421 9.41005170026 27.8858113605
37.0688403919 -16.0485519049 27.0847883774
12.7933226433 -11.2799811317 35.2943543199
42.3004035365 -11.0385833082 30.3488508302
40.9333573362 -13.0185602565 28.571128052
-26.2319568426 2.79121695966 -4.64955698151
53.483731067 -13.5467479695 -2.09150635908
-3.06171458103 -15.8093110465 25.06544352
-39.9148587942 2.81722478922 -16.26557982
13.2868219677 25.3472257629 14.6092280944
-33.9569243614 0.939011679451 -11.5408846235
-33.045156593 11.1528545407 -10.6483306564
-58.8085369892 12.1113959171 -57.0808969734
57.2446978564 -15.6837035884 -2.61401363991
63.6981890406 -15.4465993773 -9.38807627235
64.0141328572 -14.650473919 -7.90617225523
60.8307957751 -15.5760018299 -4.68359023205
35.6210940173 -17.1673855838 27.2383173882
62.4124608139 -15.2412343874 -7.00946540006
16.9211508375 14.1474285902 12.5152776806
-13.2454033755 -37.3385619512 18.8462487444
29.6336342842 -14.5099713877 8.28598557445
-15.4779685465 -43.3297619416 27.9881318803
43.8683612169 12.8832130313 11.9088292446
59.8238220868 5.2470031038 -17.7656906345
-50.9560831562 17.2368790585 -45.0305595004
63.4649290475 21.5090663181 -2.63486124984
58.9734910891 21.0055456913 -7.60588024451
16.2614527601 19.2893347816 10.0387498655
34.551222226 31.1941973257 2.05538882219
65.1244608277 9.44693991221 -13.525268278
39.9092144238 26.5967392438 -1.26815532635
64.5067678129 -5.68758528025 -14.2094427638
-39.693741797 0.857438876719 -14.9065350422
-47.4088344035 13.6743959486 -27.4114704579
-60.0773881643 1.33512520691 -52.9568057671
59.5954692295 23.1233118492 1.01671271293
61.2464427584 13.1374638865 -13.5750239103
59.8411997494 9.96325120092 -12.2450749993
-23.9869864527 23.6220479978 -4.9559438036
-59.4583601602 -0.0216343437041 -48.6939449254
58.4022174228 7.12922456874 -16.572512022
7.0737647952 15.5073561831 4.72926495708
7.28587697718 17.7818095444 4.26587550154
17.156777947 15.1315131477 17.829524664
43.7444870293 -9.4501091248 -0.326527472028
-44.7585808769 9.44993244827 -35.7840175842
32.5087368054 -16.4572974803 8.08522183218
-26.8510136223 -19.6387555364 -2.47223517793
4.52849897032 -6.01984223192 8.1538345157
-4.29792054097 -12.2159999822 21.7809002458
-45.9157371692 9.56544194399 -37.2006944578
-19.2207961485 25.6306137619 -11.1960028618
-59.8665792212 0.401340098145 -45.6933059803
-0.0976314584765 -8.27536431097 18.7131043301
-37.1274916348 0.213974406743 -17.5281883239
-68.1901337134 1.71002180943 -40.6276467094
-65.1058172198 0.0338542335111 -42.8870880285
-59.1587477832 -8.60623557636 -38.8411064347
-41.0018836393 15.7261989673 -26.5252849015
-64.6220997634 0.186797909541 -44.6954263739
-58.7552507571 15.9184815372 -50.194577455
10.1072293593 -15.0694307963 30.5327318329
2.4669927341 8.06267646424 36.7012560855
-22.2886745037 12.5086517801 -4.27314263243
39.8459979436 -7.39880313718 19.5954645837
49.5526649153 -13.5959429087 5.85654166768
-23.9131789319 -8.31877456489 -8.44652315417
1.5058694404 7.61772010566 38.1683141753
11.1109802846 0.5825893364 37.2012700912
-38.1921312248 -2.94166962765 -13.9103125051
-37.0304520846 8.76767271957 -16.8730348569
-36.2999445298 3.43054155126 -16.3035946171
-54.5543089039 0.919415387916 -41.0652405585
-55.6301765605 0.252801769165 -50.2854386698
-27.9632803969 1.85220417128 -7.44636349826
-53.571833326 1.69771689726 -50.8518857698
-53.0529032445 0.109278710155 -37.8281743399
-53.0753974983 0.273259640282 -39.5936280008
-54.9979735433 1.77368876182 -49.5468029476
-37.5544140564 5.59218689024 -14.3771361803
59.9087574352 24.7296639726 -8.74807976808
57.1657529976 21.9219898648 -10.776929692
47.1188955032 25.2913558095 4.14564060597
59.2955618016 21.2858734787 -11.7065845175
62.4307832543 15.5448498847 -13.0671320179
63.5908651444 16.1040373065 -11.76901285
58.6326853495 25.6682316029 -6.87087411838
25.1301044781 30.3332710463 -0.629493299289
30.9183716776 28.0407971479 -1.83058457511
59.8598156817 23.2016574319 -6.98274722492
-26.3763179411 -17.4241177547 5.33956656744
62.0616556698 -2.95657940383 -9.95119962476
-33.1386711343 21.231675537 -22.9216250832
-24.3562874272 24.5450643351 -7.89602917995
-38.8058676298 13.8620637642 -18.9198937874
16.5586165234 23.7881905313 4.13122270583
-20.0014000614 26.2172533366 -6.30560120337
-36.4602871352 17.0182422637 -21.4493369054
5.39170899363 10.8715048512 36.7314745268
28.7184357741 11.574472494 41.3753225446
-29.0056596828 18.3897260413 -11.6871967556
-23.3418265849 22.3923374351 -13.3348256997
-68.0147418937 -11.1824414602 -36.6950854385
-10.1898061897 -1.59294423448 6.75597929986
-58.0805436839 -5.24831744647 -47.2661504492
-25.510241113 -25.6795933861 1.9215085875
-10.7206179008 -2.79782751442 8.82133537311
-57.1044343113 1.16722236833 -56.6446587611
-34.3799850185 -8.48237259572 -19.4213627105
-53.8426737338 -1.39522446987 -49.8614316731
-37.0712737656 -8.12850766515 -14.9061499604
-62.7564163655 -7.52337436874 -29.6615365172
22.4688778516 26.1803614128 1.28879461667
46.4973036047 34.0895603182 -1.52147506265
18.9408805435 24.1350541066 8.13106770482
-36.1964033275 19.002208651 -25.3173258383
-44.5461092063 18.7876237745 -39.4924931844
-27.1908170064 28.7362128741 -19.3113426101
-59.9358431369 14.7738635485 -49.6391703142
-30.2870425826 24.0273283253 -24.2921991961
20.3660379639 29.2530058296 1.33376677207
53.5733163562 20.2965000586 -7.88205622103
-49.6730965563 11.2695050512 -38.5290216081
-66.4023668525 -8.09163364833 -42.771031129
-23.9640133786 -3.87512851103 -3.20889180183
-33.7627227643 -8.03640453394 -12.5163011465
-26.1779640198 -0.313584260278 -6.03289855587
-9.82706719271 -2.22807103965 11.3813719045
-53.4268453202 -1.30478901543 -47.2504664434
-32.701788302 -9.42271352876 -13.5013235746
-35.104518244 2.67103031499 -14.6349927301
-31.4132253932 2.99685555793 -13.8361479654
-10.6277482177 -1.04390323199 9.94011054425
5.63470192746 -9.92940068632 38.0589360824
-39.6209314296 -3.79889180431 -13.0187686805
-23.553972187 9.98897214137 -4.56185274191
-33.1890945869 -2.04254961287 -13.2259147033
-65.7535170712 -8.33631854863 -44.6351641156
-11.6108952786 -39.7685602289 25.8013119647
-23.7199702721 -5.51337184728 -0.512286295328
-35.9323170917 -0.695578710579 -14.3539647391
-60.1141476844 -1.29913101345 -55.6701817959
-25.7175777179 9.66300980291 -5.74320281082
-65.3340162079 -6.9070516259 -40.0904553675
-63.1349176132 4.73263775798 -45.3922019549
-29.1129818912 -16.263108886 -4.66805655647
-60.185387214 -10.5966410477 -26.3056670594
-68.2020853057 -7.62664663123 -30.567442339
-61.3021913884 -10.3149427725 -26.8011875451
-59.4397184339 -8.32796495548 -41.7252202901
-63.4992112106 -7.68398792296 -37.1948645077
-62.1950303027 -9.35527228111 -40.0987518808
-68.2092317024 -8.3358990884 -32.5373415313
14.929933252 16.1722277043 8.59334194537
42.4504701667 17.4345580647 24.3893711618
1.93532938048 -34.9496536838 31.734592274
-10.96407894 -39.4200634445 21.2103691891
4.57245658682 -32.1220941537 35.0161399828
-10.2290023161 -41.0646212209 26.7104415892
2.45023563318 3.04567980367 42.7077202669
-37.3183675384 15.4663586777 -20.2370460218
6.26838133811 -33.2120781123 31.1040323643
-2.47897853498 -13.4971697537 22.2189626749
-29.7529225965 9.44133514302 -7.40759658888
43.5581225504 16.6130614764 23.0073325012
32.4160239996 -15.4412341728 8.55225437651
-23.0139945234 14.0761581628 -3.69661718122
-35.1901222947 4.72396396342 -15.1245643055
15.9283783319 25.0617870219 17.210362527
29.3981261097 1.58012897779 31.4089598841
-21.9922071941 15.8175389049 -3.21644775141
-29.0717920454 10.9844938788 -8.26852011879
0.765427324877 9.29366870325 34.8234958769
-21.9679637611 27.7544036035 -14.9944837844
10.1486796645 17.4999958329 -0.925132075626
3.01144563024 10.4132810042 9.86342268123
52.5757532761 18.872031415 -8.4407803162
43.6844803331 23.7705260785 -1.62707860605
23.844271781 10.5363314315 27.4040437035
-58.6724391374 16.188709287 -59.2006519443
-0.209110944901 28.3839144652 9.51160110075
64.0520492519 22.1082875065 -9.826526345
-60.5605855394 13.7383492744 -56.5596337738
30.8078882407 -7.79712401788 22.306523686
-21.032577216 -26.6754320488 14.0694260337
-12.1698982023 -17.9912378015 35.4238875334
-10.6018703289 -16.8182998574 35.7094784542
8.80783409719 -2.01287258254 24.5009573385
-11.5446267057 -37.5662200673 17.5342668339
33.9410742306 13.5890857114 14.8702149665
