-0.931135133796 10.381684959 42.7901194452
2.69636711309 8.08230615305 49.6077507974
-9.35888381983 8.94166031915 50.7727466531
-11.7110238676 9.5814727822 51.0970280062
-7.20380287117 11.6580359448 50.2079578659
-28.9983350511 29.7173729986 41.629632256
-6.66902710743 12.2306447101 48.3488629743
-10.0885824166 10.7007091492 49.4416805534
-13.6861694704 12.2499312007 53.9328750479
-10.1890019851 10.5082580617 52.0149435513
0.87985913279 11.584659672 19.8516630553
-11.5066686083 37.2374933835 23.0173853064
47.072747642 -17.9837364291 -1.70377515604
4.6443980178 15.1237465706 27.8045149499
22.4368963306 9.33934317427 16.0354880228
9.8817860553 17.3095220342 -5.37782304548
-8.28354838858 53.2625313213 47.2071959339
5.36491479679 14.2307184037 24.6253991987
-14.2884329126 38.5980386529 46.687680502
-15.6536993239 42.4501807863 48.8013038669
4.5233698329 -11.1334943204 -47.6244591762
13.4065437337 11.9273427302 -33.1427669653
36.4020648323 -13.6465364965 -16.5201748577
-20.7225859319 -1.55928023465 3.71074742409
-2.79238211186 2.74327311021 -50.6718829764
11.6704439458 2.12868068396 -2.70539997498
10.6789770777 -4.93344098925 -19.3899096635
4.71924703375 -5.36005351294 -43.2929032049
15.6002946107 9.67830501309 -34.2381942635
10.0969634639 -4.23147570685 -22.730862181
15.493384078 -18.7923468075 -21.0803532744
54.155098921 -10.1357000483 11.9614371963
52.727012935 2.43328865834 14.3646269439
39.8793494365 -0.383400993133 2.23187052472
48.5332840613 -12.8762242469 -8.45079701928
57.5886089698 -7.76701901984 9.037998758
55.6610362068 2.29744882851 11.2746981588
7.11344734307 -19.403870545 -8.18180102876
27.9300840638 11.9220040886 39.4234579513
18.7257301578 10.4422997262 39.4678041684
52.2077561407 -11.2771922192 5.23058678209
39.1584293981 -4.68027994647 -4.07641992875
-19.8200937275 -0.651065917741 1.47768827028
59.9282779814 3.49502679719 15.8024906329
27.3018619183 -3.51834480237 -12.6493540282
18.8022496296 9.02976773388 8.845505073
21.946668333 -2.28334054293 -19.2832001393
18.8387531459 10.1697978998 14.2456597764
41.3962142716 9.52779284464 20.7494148732
-49.5663029089 34.1765845767 0.636453983982
-45.6123062378 32.9243988963 -0.988315291352
-52.1600122632 35.681552746 14.7740040714
-46.8686169232 32.4785455073 34.8048983278
-50.9203398612 31.780910063 1.01936916144
-52.1996158111 32.6098423823 3.20729354549
-54.8559217226 35.4851124341 6.40592425107
-56.423264078 34.8402282488 5.38785863342
-51.7635221522 30.4491288505 -4.77085981302
-56.0582900784 31.0987495899 9.02524342057
-12.5596218664 40.0476300962 41.0143603619
-56.9138877833 37.3942103348 5.26978640212
-14.9159566154 46.3314194862 49.2123222411
-7.26841448018 -61.5038851524 -25.279400133
-17.3253096075 51.3995674609 51.7456494304
-51.161984626 26.7576610835 44.1295240288
-48.98150667 19.4400125484 28.4993339076
-17.3118166101 50.0825883236 50.2914172547
-50.5995708096 31.2550254873 -2.72608422685
21.0307381603 2.60826707807 30.7452861936
18.1159142176 -46.2357627602 -23.3231998372
5.32713225982 -27.5331637493 0.960457544364
2.21723960061 -25.1753856657 -1.13426405557
63.1418141529 -2.05590612638 17.6456559603
-8.64198838223 -58.1981278687 -29.0816470576
13.0694541531 -36.9780815806 -11.689291797
54.6591721239 -11.9905602785 8.71555925678
41.9183058248 -18.9958045844 0.508477507827
19.4424710587 -41.262459145 -26.5551797551
4.88238610785 -34.9946293967 -47.2299491655
3.56458563628 -44.3109611489 -48.0014816435
-11.6107193598 -3.69227206567 -37.1755925217
-8.54349389956 -15.9669464097 -37.8058332313
5.07482678888 -17.7425462617 -47.6019775003
32.216764042 -32.9061091402 -27.5098767737
-1.24198810338 -6.2539689844 -53.4240399971
20.1145277527 -31.4380137085 -20.8789466124
33.93365092 14.8985528727 36.5810949212
19.0974628927 9.74428736274 10.5683250426
-20.0861198712 -8.23247739536 2.17237048776
35.6953350482 11.386491285 14.3012880639
29.7590533951 7.92216494267 16.4007557488
-19.8435596105 -3.5421622301 14.8336760432
20.4033713529 10.1468767363 14.9031628848
-14.5379903019 -2.06444159916 4.78243900484
-3.8370820435 -59.0000932739 -27.6132423776
21.8976252178 -46.9774380351 -22.991426653
6.810453053 13.8684132008 23.371874715
-23.4492037141 18.9755160099 5.61550777902
-20.2502003203 -6.33341563061 22.3049124511
-35.2145926826 24.508559341 42.3602933742
9.90280743293 -17.2414674611 -1.49286002387
16.418157104 -31.1085541922 -25.6453312949
2.52198599588 -34.1016179327 -44.8862630359
14.5188164526 -13.0047663324 -49.1539101625
14.2235040529 -35.9550384666 -11.7457515116
-21.1178530164 -39.1558135817 -22.3926374402
2.0908881865 -51.9770878951 -26.1839947205
5.31348204982 -19.8970199427 -7.06025347578
-1.72813844871 -9.82268729989 -40.2926461294
43.7905438994 -10.9507387454 -20.7107106187
35.8141376221 -14.1763806372 3.23596867992
-34.6815268533 29.2867372819 17.6296869864
-52.1032928758 27.2077392858 29.3622983476
-42.8307709053 22.5264755474 43.547877714
-37.4172894416 28.8653199066 17.1792435869
-36.0154922271 31.8912327636 50.655161562
-47.1046234419 14.5982126978 25.2122386485
-49.5685973582 26.4262305814 46.1527549875
-34.1016950452 31.4484574995 31.5466990767
-46.2213522929 12.9173714412 23.5023807671
-48.2462358871 17.309098753 27.2262656183
34.287791516 0.699106482191 -26.0802483134
-53.3426274628 36.2099065086 12.7067037931
10.0996456937 3.24917956891 -16.5801108465
-22.1165070059 22.4984381423 2.62685366327
-24.8437576158 -4.60562515485 21.3907130067
-24.1985873295 43.9711618126 25.8317357448
-38.8905057878 40.6781862209 26.7551558533
-4.51321937732 10.0510347129 -36.640911849
-38.1677618387 38.5255003153 31.4426086117
-23.0007801497 15.5381886378 -2.15958161396
-19.8004787866 33.7357354388 25.5180420622
-22.8093706072 42.9451621412 22.5801686248
33.5614299598 7.56037461776 16.986540139
-16.529758563 -24.5362116886 -30.5788794861
-17.5807480498 -17.2457834515 -3.49907034531
11.6590369223 -41.1467501665 -22.5673528647
13.1007922363 7.133254236 -15.3470888247
-22.3217551684 -7.18357704246 23.6696897501
-7.01684345381 -25.4156496531 -12.6215522457
-0.397680192325 -20.0726137765 -20.6125302598
0.221731961289 -23.4642949693 -11.1208101733
35.0327761579 -14.8448474712 -14.1181326628
-0.663211664417 -17.1843280679 -17.0998937501
-3.2633794468 -17.9579530263 -17.9681288985
9.01385628402 -49.1277232194 -27.5072179998
6.95819859068 -48.4137760482 -35.0302844007
44.0836960077 -18.3201745231 0.800920515
35.781478616 -13.0543337735 -11.9262851019
-12.7101370684 38.0064359318 46.7722944852
-6.89599115754 -1.5189694271 -40.4731372173
29.2606419308 -35.3861110833 -25.5802142449
-17.7490551041 -18.1852238972 -5.34058490857
-12.2299745853 -51.1036046799 -16.0685264352
8.92979136461 -41.5058670223 -20.6560663301
32.7092971643 -12.7956833168 2.79291969708
-22.5491981931 17.2662638592 -3.55601881405
20.812290793 -28.1140530526 -21.4872157281
-2.32837056037 -24.7995180648 -16.4437908618
0.766781778852 -34.7097267546 -49.3483157841
-1.76632411163 -9.8538826884 -55.3625014675
-26.5959663142 -18.9595923142 -9.75456404927
-2.3355902513 -10.7487508829 -38.8864884894
-2.77804466113 5.07556881656 -36.7595521898
11.6461691335 13.1812337031 -7.49522716122
9.52939612663 3.48360900251 -14.7765464582
-10.2601659472 7.68435092282 -39.7866931764
-41.5252571009 27.3480031072 -3.90657474174
6.95062766556 -3.20724444541 -30.9882777038
-1.31908690298 8.79451179707 41.7340180671
-19.0322958525 0.859908396868 -1.45280207669
-8.66984204 -41.2040195406 -30.7828577489
11.0109925159 -49.4441821699 -29.1065066667
-16.4843876317 -37.2231083367 -19.9891879674
-10.2005644433 -40.2368230779 -27.9176607351
-10.7480629043 -42.8875219511 -21.9034984704
5.57518181056 -16.955090171 -2.78493100339
-4.00780830185 -25.215496308 -14.2556948555
-16.1388056407 9.62703665953 -37.5642155362
-18.6891034115 -48.9426951876 -22.3776723202
-3.08133970994 -50.2868421608 -38.7771232784
-3.92108403163 -52.4171992319 -32.8742874289
-19.7874749296 -47.1926583919 -21.5947132645
11.7619799419 -48.4821039599 -22.0195382913
-9.3451079657 -55.9597951991 -24.4630779514
-8.16397369064 -57.8302608691 -25.6773485245
-5.91912108666 -53.0070441718 -32.1061483892
-4.17484190487 -53.3126522205 -28.3008729596
0.00923974104618 -53.2259634944 -27.6089803586
3.56963888068 -53.9215505515 -23.6169945094
-7.91327137271 -52.5489053078 -30.179889389
-7.84152686331 51.2078213608 47.954857239
6.6195323863 -20.8263900814 -48.1307814527
0.323594082803 8.54341032083 50.3013563008
6.8910783607 -28.4872663693 1.8204404795
-5.50845541875 53.5323231515 47.9039774095
35.349849298 -14.7075327096 -21.8845198068
34.8121878384 -20.6274616415 -22.1271492655
49.3599840253 4.42942245908 9.89667625152
-5.2717793012 48.7661057334 45.2029197177
1.5847530479 8.73659204727 -34.7645485623
-16.5126458491 -49.2621276724 -16.4916384386
-31.9534023307 16.6640232595 -7.50858121456
-10.804752291 -51.577719275 -15.7621018655
-10.577181397 -49.7824814584 -18.7302328766
-12.3716072734 -24.8292136038 -10.9897072791
-9.75812034016 -4.98864883271 -28.6294573567
-6.73185116465 -27.1052301999 -12.3745603956
-24.0816429697 -27.3785852938 -27.2645752245
-25.1338778583 -4.89469236797 1.28093975811
5.14260280072 -7.04981278477 -43.2388006075
33.5426543625 -4.94923911694 -12.2200461038
10.1068300629 -3.4243806165 -26.0976709851
47.6009454903 -13.3008858159 -19.0739090887
7.03112142325 -10.9689490861 -47.2857062244
34.0834303689 -12.5849791886 -20.7066919195
6.67287289417 -14.9014720515 -8.87828298185
4.66579298298 8.45457984189 48.7170928622
38.8378339222 2.74215947314 24.7516801732
64.5524920608 -1.91396521078 15.6182259126
-20.2021513337 40.6148555908 41.8425113119
-13.7995385488 46.2370191168 40.1774798779
-20.1387953918 -28.5514250445 -28.6841840546
19.8785662049 2.6008248809 -32.9418779306
-8.53325886882 4.28337577064 -33.4002092136
-9.71778387392 -9.26087703835 -32.1466737397
1.00725769289 -4.96410940512 -0.947837853837
-29.2256606376 -12.0239764112 -1.87310133288
17.4603406515 -19.625483763 -20.5137058321
50.0092869681 -1.80596990094 6.32975209579
41.3594661734 -15.9523451826 -17.5945283814
15.562874569 -19.8952869286 -19.8667151088
-10.5654313061 -45.6426124128 -20.6962022832
-5.66796193636 -17.5064893976 -19.7043655675
42.2034816627 -13.8346441163 0.828085275953
54.6083247252 -7.85735890697 13.1584036989
50.7556899803 -10.2121771739 6.28246386662
37.4290516845 -11.6474331761 -2.5608504295
30.9193987546 -11.5912738915 -21.44421218
5.98524398284 -42.8161426688 -47.4776854746
-4.55734842402 -22.0955538632 -34.6763808982
7.8269798046 1.46798253351 -16.6737258779
-10.5088315194 -0.353054803364 -39.3523509993
-2.3704584172 -32.9696420758 -45.9133236237
2.26941584285 -31.0205271221 -47.8522014103
-7.77609372342 -39.5432767926 -35.0050548863
37.5100338857 -10.7884912014 2.38279272989
0.563361065203 -47.0047263748 -42.1732953234
30.430973209 -27.8708765142 -27.0765238123
-11.2447822695 -28.6769757631 -25.6356193629
-9.60511713455 -54.4363097822 -28.8614189577
-7.89233206053 -54.8818727435 -30.2904301768
-13.2658175911 -53.4670018312 -27.487998313
-11.3312632891 -52.4217448464 -29.3330841501
-0.505361849282 -47.7637612713 -41.1295164883
-0.210094879564 -53.4460749294 -35.2334180277
2.01770313228 -28.4637845665 -42.3080341409
20.6731295962 -1.21152368627 -20.548104645
-0.167219426459 -55.3218370912 -34.5861820237
15.3805643045 -34.3384159716 -22.1991821241
-27.752078539 18.9018924982 -12.7988880359
6.99103424238 -31.9133730493 -22.7085224841
5.14100425986 -47.4680856591 -45.1016450509
10.0774531852 -43.5608635073 -21.586458621
4.37456836173 -12.5221617861 12.1008699797
-8.01052128165 -0.547824468123 -41.3746287021
-23.3856017056 38.9397742357 21.5379874493
-24.8562331689 21.0507888518 3.1866459013
-23.2875480485 21.2966438462 -12.3197684947
-13.1827226169 -37.1181230949 -25.5552970042
-33.0178537921 25.4131439228 -5.29862195584
-20.9922797949 -28.5115333244 -26.3443672335
-13.6565815926 -1.8484354527 7.5718069155
-27.1739608588 0.484208842505 3.37072134751
-12.0958556017 -0.729713503069 1.98856832269
-32.4993979201 21.6817424397 29.7396793956
34.1121563097 -12.916509289 -15.1513712661
-12.2751513119 -11.5148134629 -33.7410215307
-14.070651508 8.8402325268 48.7295553961
-12.054212832 12.7325584961 53.5322954192
8.50225052103 -46.1707269155 -24.84492239
12.8047614931 -32.703611194 -29.9383859033
-42.3200294734 20.0060651078 47.7666927616
-17.5487786749 42.3995168602 48.4787879139
-3.14536988831 -33.3043143019 -40.677441343
-8.97268153726 46.8191683724 43.6661836537
-7.95558819617 53.4818472801 49.2682309354
-17.5740963106 45.190769038 43.7156750256
-4.66989944263 -5.38475468303 -44.3527638586
-20.6725189599 45.6784880261 51.5447548827
-44.1829736077 29.7998605061 41.615890575
-15.623825683 -48.7683413808 -23.5240984863
-12.708643805 -0.549844029771 6.45402370047
33.5113534946 -15.6797083988 4.13258533108
14.2783146207 -49.0012212173 -24.0387032102
-0.915328254644 -24.4777751549 -12.3643465961
2.46654740287 -12.3431050198 12.308863242
-7.40217011221 -40.3193973101 -31.4789471267
-14.9458157055 -20.2290808416 -32.5512340755
-20.0928598583 -35.2216326713 -22.9601417789
18.111002138 -44.4066304839 -24.2774743685
-44.2535379204 22.644254737 48.3564141042
-18.6259898995 -18.6281129012 -21.8002389484
-15.0391865087 -17.5524326159 -22.3100717875
-11.5733759233 -40.9742772234 -22.4966469176
-2.59719328726 7.37450101986 -36.5319346361
4.203926813 -45.3983460665 -46.2470451026
-21.8254806717 -46.8872429363 -22.3009838493
-10.3566399661 -38.3018882443 -27.8379547817
-5.1457129713 -48.0185832674 -39.7153630938
-3.1816248191 -48.0965214322 -39.6820227351
-5.32165577874 -19.8444979698 -41.7243925986
18.7535197064 4.64475224334 -33.5678402672
-3.74023106267 -25.6845519892 -38.5565842613
-23.068408538 -40.2752054742 -21.3709194498
-57.2591547996 37.1839626743 2.45094786999
-38.953032764 26.345927327 -4.59265750299
-54.8664529837 36.7637564703 4.48360211905
-54.8017354558 37.1508710616 9.955077668
-55.2103148522 38.8411961114 6.33054705169
-13.3484854273 21.7619952338 -35.3894817186
-35.6067942855 34.3444267308 -3.59297564212
-54.463144949 38.1880320632 2.39745534567
-12.8042944326 20.4632284392 -36.1518642306
-53.1241938202 33.0387100179 -1.46970081475
4.81194267471 -7.12768744527 -55.9590769045
35.6272103164 -32.4237227638 -27.22868411
-1.32757379644 -30.4349239594 -46.2588196042
-11.4329554641 -10.2791222521 -34.6053106365
7.01380170285 -28.7006966645 -31.8602975862
20.9430256271 13.8317115198 41.6604299942
8.00467619486 -13.1654892313 -51.5005465457
-13.5822185217 -24.9017456132 -9.84121518088
-8.54111695215 -41.0429651114 -34.7863704943
25.226113351 -39.8442181717 -29.6952678033
-9.12719253898 -16.5133098565 -21.0919800731
-8.23060293994 1.49731987962 -41.3476059228
-10.8673764118 -16.1666870722 -21.7980698941
-0.139334715562 -35.5628990376 -47.6187594622
-3.27737825281 -3.67001438312 -48.9591236622
28.4400665967 -36.7456973193 -26.5099771839
16.3772825367 9.04051855389 -8.79224699045
4.91880616455 -16.1495994721 -46.6869930405
19.209681707 -32.6970774109 -21.7580841418
-0.645199999372 -50.477006602 -33.4363403748
14.1477343588 -21.2210015425 -21.9769274989
14.9827592916 -47.6470189128 -27.5224602812
16.9066014618 -45.2660484201 -26.9469454409
32.6034268023 -27.3582332524 -26.3695709282
52.0630517992 -9.54749598318 2.46853530681
-9.15705719902 -45.4365364758 -19.3416303888
31.8177077078 5.83800513421 25.3453873755
56.9828553864 -5.14554977777 13.3757787958
55.7572588225 -6.17597460152 12.0974744306
7.95800179034 -13.7769224835 -6.52719148217
-1.14789612989 -24.0242109201 -18.8459020526
-11.716889304 10.0586570508 -37.1106794443
-11.8898169994 -41.0916725972 -24.7541150759
3.691850703 -50.0673352287 -24.7974113563
3.93778625727 -54.4086361725 -33.9735868375
2.2427317995 -52.9681035225 -31.7471093628
55.5435690504 -11.9232073358 3.42536028067
-1.51536563269 -51.6160255641 -30.0704877062
8.06647289578 -50.4851060449 -30.5094404147
37.8571947851 0.376352181645 -21.8612367917
18.3497151925 -28.9527508722 -27.7141900501
7.27470756144 -16.7591907974 0.528583242162
-4.07246761852 47.3240746262 47.0174490972
-49.0724961343 27.4167217974 28.1942670738
-13.1444325181 8.64177808272 -40.2099800957
-26.4185122809 -0.406836173374 1.68523450416
-11.5987816962 9.04999753678 -41.6825709178
-37.9814475641 28.2415235781 -3.08539571504
-15.1397251833 9.15847374635 -39.2020962139
-27.56207231 26.0832621885 -9.49837359017
-36.8478654299 25.2305846355 -5.01157115253
-27.0592316715 19.1547193697 -9.32435853555
-23.4747778542 25.5531569545 10.6129010859
-2.45009910553 -26.6388114992 -39.8975492248
8.20301049409 -15.3334755173 -3.32140102852
43.2804810836 -10.4863167147 -8.56253149507
38.408033362 2.86332119654 26.2800469127
36.1917025306 -7.70311871364 -6.7544200667
38.8266065932 -8.93155067658 -7.18770323672
41.8092605077 0.448539585156 2.63921828848
43.2901158986 -0.837566930344 4.9423180522
21.161691127 -43.8374177901 -22.6461246976
30.0030036498 -16.965324247 7.84616070614
42.8912762282 -15.4862614641 -0.0581193663375
38.5960020342 -4.4318289161 -1.84999690242
5.94196255552 -49.2778086769 -25.5457901755
63.251793591 4.37159163052 14.8555427938
3.02514180749 -23.6292242586 -2.67886941829
-35.2157914273 32.1025991085 -0.750043603987
60.0156203311 -2.67134169432 13.7708695849
58.8067494542 -10.913124828 7.37171561988
15.4792480037 5.43406431982 1.44982740841
16.160883884 10.2794180389 -6.75214801666
-24.1838968573 -10.9481017427 23.0948371974
-49.2873379731 35.6146054301 16.6428626414
-50.2838457412 33.5427641332 -1.02040262695
-24.5778773527 -24.5118407571 -26.8152296524
-30.9361353776 18.0203514136 -8.20283691082
-30.0848351674 -9.28473906397 -0.47507182977
-44.369936485 35.8831724296 17.6427158958
-51.4994731203 37.520204737 0.820968372363
-38.6824386944 22.5625838108 51.7144546142
-41.9963681551 27.0460239925 49.3965485339
1.43700460371 -50.7222214482 -33.6204786909
-22.1253557728 -26.6480285457 -25.4624990517
40.3431621059 -11.8632944915 2.64603220541
-14.1200236898 -30.2381373027 -22.7894313013
-5.48576304353 -42.7631348938 -32.5325445457
3.89874529822 -26.3050390845 0.106874763463
-15.0852102967 -38.4918858923 -19.6240718304
-2.82816527621 -12.6792400476 -36.9631488266
8.41708413888 -8.4986788883 -14.3941845856
-0.709283286748 -29.8170184212 -39.2604893282
34.3682031808 -18.3451106852 -21.8390590684
39.3660529482 -17.3319502941 -21.2132347848
45.4599033551 -13.5162464354 -18.5755088206
60.6019498661 -7.89846533632 9.31308141719
4.75441363083 -15.8896463689 -4.12024628904
49.7913584685 -13.5770347816 -16.3530066269
29.770235255 -12.4749432462 -24.1570256627
62.2170977326 -3.10853336383 14.2292997321
16.3067141924 18.7064013965 36.5139393435
4.0229762169 -5.90202562253 -56.8239081557
-50.2358366003 26.7550117308 24.5670473724
-3.62079393558 -18.5567950748 -41.9757626179
-40.5468427013 30.6115963626 -2.45838388472
-27.2075458348 -16.4837409659 -5.11891780761
-8.21096253568 -13.3669741078 -23.0670224498
-13.3000434556 11.6024097778 49.7059350819
-44.2911774338 23.6084059116 44.7076634865
31.221999457 -16.9530140015 6.66705523978
-42.4583280515 25.890994151 47.2822945772
-46.3113974299 35.2787387715 17.8213349579
55.3158208978 -5.32830328063 3.70670718977
8.38344483512 -44.7243686338 -46.4664002372
9.06038999672 -3.5573302239 -28.4005748744
3.57558843187 -43.0380086338 -46.6315265117
41.7335253828 -15.2270796158 -20.7909858986
69.7959452882 3.96539712882 17.5597365995
30.958062574 -34.4079175676 -27.9408976077
29.9242313288 10.6110793793 -18.7237373147
7.28163547476 -16.2064834621 -48.8126471756
39.1652572163 9.01908834376 9.33495899226
-23.3780686031 -9.27458343804 -5.09206028298
36.4363970196 10.8158533567 12.1258052067
-53.5663074342 30.3822261965 8.8248730657
59.2204234782 -0.157118189688 14.9015179043
-34.2194597266 34.7296986951 0.489650194323
49.2374842903 -12.4389959903 -6.14997130976
-34.0182619524 34.9061651542 -1.11256951746
-34.8483793691 22.0475364322 27.3760510119
7.89152750941 14.7675722752 26.8466597416
-36.8098959016 27.6195023981 29.9285652292
2.1857705099 -21.6074729564 -7.76799493746
-22.6842603585 18.5865497458 -1.70229206659
52.9310131686 -8.40557664841 4.28357821094
21.3753104589 -4.11365257287 -12.7592337716
11.478931841 -30.9580707071 -32.0809682181
3.98158637353 -33.5324418046 -43.9788424475
2.45147989825 -6.53177272621 -2.26481806235
32.0491716305 -5.71099907338 -9.72210570685
0.178305450386 -26.3300258145 -42.2508384724
23.5641011935 -4.43122240205 -18.3482298985
-5.94651220825 -51.6981162993 -24.5304847377
13.3596337846 -34.5609232887 -21.4324606686
26.0382512251 -38.8375257145 -26.7686282389
16.0344385781 -34.6154849468 -12.1666804847
-0.826117815942 11.1387171 19.8818193778
4.35190511806 -36.6567714035 -47.03008088
19.8962156201 -3.23810706523 -22.8528607916
-21.4184767142 -2.87603220937 11.6546959636
39.0722019101 -9.35259047344 1.42927982321
21.9339394145 -33.4843181069 -21.626142847
-22.0994370499 -17.4165761618 -20.040934931
-4.78324102664 9.37825845071 -34.8213681639
-23.362524006 19.0659121727 -5.05262054932
-13.4283059486 -19.8761429398 -17.2488597232
-6.93743267409 -20.7241971021 -42.4625549212
-28.6936428362 20.7549392964 -9.48417573616
-30.0829420539 20.5980461109 -10.7377348137
-39.5672855507 26.087517585 52.1401061771
-25.1792382277 18.2312184958 -9.39275835005
-25.8432524608 38.4112590777 23.4488010001
-23.848879093 -10.1245918761 21.1484501727
-18.0546929082 -17.5379499333 0.588579457681
18.2717789966 -0.481006710772 -20.0245134104
22.4116560624 -44.6631433641 -20.2694552723
-20.3022875453 -9.72348325291 1.21857281418
-0.306354963522 -11.3368110647 -13.2408867027
-12.457966781 -15.9715524197 -21.0900169679
-20.1909330076 -6.04007259669 1.95012596067
-31.4096908114 24.706032649 -7.53264562372
-12.4096427573 -15.9034781248 -11.9257280107
43.6484796279 -14.6874914105 -18.75137837
7.11869805474 -9.63635734992 -41.467686944
52.6594274052 -12.7081734135 -14.4055908383
46.7838862669 -14.3348560092 -1.74547039453
42.4185277124 -17.1040251911 -18.2053352171
53.1896610066 -12.9577165779 -15.7125261037
-11.8711893056 21.5300431176 -34.7463163362
10.3466756582 -4.10375978465 -20.7271241382
30.5594814932 -10.2895118156 -21.0264285354
12.8101945079 16.9940854793 -5.74488368981
-11.8835628171 -49.1093155182 -30.6458897936
-18.4639821875 -42.5533398225 -23.5980305403
-12.618185403 -49.2862806552 -29.1202611875
-17.2863275983 -17.0634778105 -23.1948541459
-9.63226664679 -50.4554776926 -20.5700292575
-20.5920708982 -41.0368572223 -20.4057316812
-20.6952047916 -17.614455819 -21.9208600688
-12.788216811 -29.4809114665 -22.2593510093
13.6996361932 -34.7757817316 -28.9463959449
22.6485216567 -2.43876000319 -15.104055477
11.0868780593 -18.2865007666 -2.01166397295
30.3161595024 -14.490266092 2.41693039925
-4.12521982214 -60.7758345405 -30.1459776444
-12.7001291083 -20.836305523 -13.6508452308
15.3873300078 -32.1443353466 -25.6221794746
10.1402994924 -43.3186759479 -20.1024833933
-26.0186562964 35.7205093135 22.2005409282
15.1413841172 -34.8763920383 -20.5144210162
-23.4258537701 -4.02145420524 17.0669547377
-5.59283367179 -62.4961630973 -25.706822083
-17.5919371577 -4.70004332461 18.4528779949
16.3103499481 7.57237951085 36.9922556957
-21.6929420803 -7.80059072798 25.7397076804
0.315943819543 -56.1020832371 -31.5089291875
-17.0423404252 -38.4004462411 -18.2320261324
6.93086922932 -30.6635095616 -32.3642695344
-25.9544875686 -18.5635361912 -6.25196494
-35.2625989983 19.9379506036 -5.72580874173
-24.3418689784 -8.46415261498 -3.60737495903
-21.1540043787 -36.9518141314 -21.9085717758
13.7698303407 -32.3601427861 -15.7913251223
43.0961144431 2.18377705659 1.72556029498
-27.7665145346 -13.7255533318 -2.16324138125
13.8985526928 -33.819762282 -26.1924441663
46.7265119593 5.01413872554 14.771372398
38.5981983516 9.00143255022 30.6389618197
12.4308358854 12.1468012428 43.3853925159
62.2101432596 3.3550312466 20.1389360736
65.8021144513 -0.808075832553 14.4893842408
7.16819377276 16.4378147142 38.2010179751
34.9993476282 14.7420506306 32.7738201479
22.5058666144 16.5621903038 35.9180594307
49.9390214259 5.79485675574 17.0971996501
38.5800505187 9.88611550425 11.4522701972
-28.3257395421 40.8999464741 27.5930780722
-23.3334084423 41.84095062 45.4300119325
-37.8094040319 27.4471121063 18.7848485132
-19.6300210533 43.1434573368 29.7551209184
13.2527981183 13.5419126358 -6.95718439782
-22.0853319234 25.6507014338 9.78653041979
-33.7152273818 29.8776588391 37.4905586723
-31.5129873664 33.7381138011 37.3559984148
-38.7170018036 33.7851294156 29.9036093564
0.590133349923 15.2686394718 25.077231692
-21.8564263045 43.5365967508 36.2821419509
-50.2355371449 32.4424234399 2.96505378486
11.3338567674 13.1230163864 40.7316316235
-34.5468301059 36.2929758026 19.0432732932
-17.7002868784 42.8462646317 42.7192267584
-51.0896424758 34.0113472619 -3.30563191319
-21.1283772022 39.0935515055 24.8738272712
-25.7563381838 32.772114842 26.8459010262
-35.6802604067 35.5527403609 17.9217166487
-22.7618747481 34.8720157579 24.0924023376
-20.6935926363 41.6157230813 25.3600423728
20.8904542334 -0.293657821595 -13.2443194876
-35.7454713968 24.3890777085 29.3485594272
-1.66881422445 21.145477357 39.1960362462
21.0512896138 4.41975390203 31.8605001753
-22.7928695231 -5.74988967105 21.6919388316
-17.9501470637 40.0252478142 34.7018264025
-36.6643075186 27.8608780594 38.7914607839
-15.2195419765 45.5198935978 38.757463251
-20.4590550868 -4.51996898801 16.3834409337
-9.53550450354 50.2244709007 46.482633451
44.0371815271 -10.0029151232 -18.9859844589
38.2879457072 9.55966046144 13.4499224673
36.9589330331 4.11246868558 -16.3531574077
13.7362783604 14.4172950906 -2.24814825195
35.8721543376 2.35784545438 -20.3278464138
22.0540732448 7.42430769105 32.8251181829
34.0684044504 6.27427024117 32.1821469862
64.234418744 2.07186170769 17.665079855
40.3684691141 -15.7414558826 -22.4175451021
48.2649604216 5.2814957973 13.6086971837
-45.6000736627 33.9973658727 30.6049619599
-16.8761759093 -0.643512923099 9.72494840715
9.62633054435 12.4708745157 17.6032233101
-20.9672809191 24.9324413774 2.13166808897
-39.5312923931 29.0125201577 39.0926033062
-36.3640869791 30.3967011479 16.4460000963
8.23974843625 12.6770888831 -30.9924380673
-35.9628038251 31.898368524 23.5781590759
19.210773084 -0.228741139867 -17.2179810351
-27.8621436381 31.9518592457 20.0934271779
5.18956393258 11.8397174543 -36.9959037183
-0.442907746947 2.4371889588 -38.6295067452
5.57368439148 -13.0010209907 -46.708517179
22.176373098 8.33037271785 -29.7987030359
33.4140205845 -2.1185774643 -15.1456090694
36.8561823986 5.34745160732 19.0878658507
1.52444949107 -9.78841287224 -12.7598330268
13.0639642214 -18.5774091502 -19.1346442587
4.3192367889 -11.7414593828 -10.3996367089
4.72260169204 -11.9212001085 -44.730441647
-15.9652188588 -23.6014381008 -31.7154813139
-28.7803656381 -11.174238952 0.458004831491
-24.9153202082 -27.0156150764 -25.781118438
-24.2572794883 -3.65487148599 13.1803643502
-13.8452450032 50.1372365048 41.1585034185
-19.0593266841 -39.4201959286 -20.3978344455
-21.1266465481 -29.9965198231 -25.4991749186
-18.2993459596 -36.176486212 -18.3911489016
5.73091271993 16.7323796093 29.3469781895
23.9179873179 15.7471732126 40.6105995686
53.5178580952 -7.39099425148 14.6619634839
55.3685790055 3.14346148617 13.8093535922
36.9921552021 0.711026535991 23.961515492
35.3717620247 6.52683949096 34.1116321902
68.5652113414 1.40890982197 19.467429327
45.6110394839 7.75338982876 21.8201287363
4.82321191651 16.996676932 35.9773310886
33.8371969143 17.7475864574 36.3645558762
2.46906071754 -31.8047151116 -35.0141625475
11.1456350841 -5.1594078002 2.36783710921
13.8497566183 -1.2818884831 -1.4996785099
48.2277930559 6.71065846554 23.0903921548
31.5468419093 8.40049850653 -19.1828580318
13.5438944078 0.394495860199 -1.71058266267
34.9448042869 1.99602241529 -18.1924949401
50.7563963602 0.602161879764 4.49441836004
52.2719527784 -6.76340217866 6.45116125489
53.1275664739 4.11979571214 16.2866299998
10.1004123883 10.0552451508 42.2885984863
-15.0723186948 7.71416124785 47.5568275779
54.2361790199 -11.2336063558 14.8625419458
24.6083781552 17.087907851 31.198735319
23.0073930668 17.6352027878 31.3335552723
34.4387305289 16.6753539307 33.6234569168
32.6081264344 6.59314084192 33.215070436
15.9031983985 19.2693738701 32.4990104348
-9.80010326028 -7.02456171583 -32.2425302158
49.6331193687 7.01984025129 25.7546852281
-19.4348303562 36.8837409595 20.5406749693
-41.9616097001 29.8435323206 39.6221032294
-2.75522475863 48.9072622856 43.9615418725
-33.8448685271 27.1829821784 39.0320066851
-21.2450278711 31.3441940802 27.0775359206
-53.7292351036 31.8917540999 6.96710430575
-1.15035866292 48.7192030206 45.2438580497
-34.8122540414 33.1203981071 50.8950267643
14.4007050878 -11.3472603486 -49.34367468
9.08327951889 -14.6584949499 -52.6724046032
12.8007486078 14.1957118703 -5.07673040783
-17.369995768 -16.6288215553 -2.12074328615
21.8954661163 9.06335000188 13.0064390478
34.8942104178 1.33643751134 -24.0079198063
2.47234496195 -7.68661829389 -54.0585888111
31.8843078367 -29.0499651342 -26.9923192586
0.737518010213 -7.57195423902 -53.5484610989
-26.3354396828 25.5917556803 -10.9147155751
37.4382209832 7.23956251208 16.8555253117
33.3011933135 4.78988320342 26.0538398002
25.1775047194 16.0436351723 37.7169133671
4.39428465708 13.4200398379 29.2213079936
35.85550733 4.74346884962 28.1191771856
38.6585117178 0.496321984134 25.31130369
28.8233354898 16.3301059538 37.73095227
9.70920456226 10.9575708902 43.7460019713
17.8850571482 7.34809103611 35.9674937699
57.792588301 2.65182171299 16.2779776062
52.2048235625 -12.4111352038 16.8570072335
19.7474818421 13.0968842826 40.2004615433
-7.15529010793 55.8960681002 49.5102080497
62.6864802841 0.531286998475 15.5528772488
66.0990748483 1.98065522864 19.4526539385
1.49473181606 9.01365649338 48.3912131698
27.5874306565 13.5418495004 39.1165659539
48.0576828291 7.18944404695 27.0208844462
0.402785683555 10.0773052736 44.0277698582
-51.1422904828 34.5725648943 19.7909727896
-26.4953357354 43.4118689695 28.0893015774
-42.7737840923 31.6257517339 1.16347467413
-50.1040454587 30.7044985475 32.3300896486
-50.3096204939 34.881266258 23.1610832781
-49.9355988906 29.0015945179 33.4774029937
-52.2663052931 32.3058502217 32.519564799
-49.9868964265 28.7764884811 27.3515248346
-52.389891262 34.5893432565 18.6017795063
-49.1959096751 21.3934324572 29.265392146
16.8396446343 17.347351561 31.7856271252
0.734900638859 17.2844535153 40.2020057962
19.4519076364 17.9188133161 30.6953698458
55.1128499605 -3.19800050053 5.57552937581
17.076686615 14.6313725447 38.4281178465
34.3217219522 14.0633855266 30.7213764034
-3.07848239032 3.75126053489 -49.3526131535
-14.918626003 -0.471048944742 7.54935122835
-8.98458617802 11.2664362739 -38.4242448731
-11.141667338 -28.082300332 -22.3093298996
-7.73965919462 3.54069093551 -42.2042027374
-7.2596254389 10.4501844999 -38.1086566528
-24.8690061587 35.8607449884 19.4943670271
-3.17766716811 4.79573883044 -47.8950335118
-17.6027517155 -3.03405815214 3.71418326538
15.4363435665 17.2008493399 34.298422779
13.6338840106 12.5898638469 -8.81394504
-22.8063393243 22.4389660253 5.3203398191
18.04656684 18.6707315241 34.1614281839
3.10804408313 16.1281893287 39.8311990383
-43.7590084793 33.465554648 -2.89797788104
11.7250935134 8.75518543842 -28.264846465
-2.04333120347 -8.87866334652 -56.3984887443
-11.6668480272 11.8017216131 -35.2808090673
-17.4486090438 12.49283334 -39.6092300624
-5.30591916432 -2.45450314701 -47.256456318
-38.3472870724 27.0438308585 0.39391994686
-42.3591186884 25.9281260556 -5.63511699285
6.2934966944 -18.0629012196 -6.72518611662
-9.92446736675 -49.4416174617 -21.7451145217
13.4550150556 10.6747704718 -33.7782182182
34.462081272 -24.7001857595 -25.4108209549
4.70009491669 16.1043669335 38.1342969681
18.9465569328 2.60300530985 -35.0456858053
17.4595182691 7.08209048295 -33.6268363836
-0.129076470108 -15.2573018856 -16.2465317264
0.357859806111 -10.3603774224 -11.8169086217
8.64325879211 -10.2863373808 -48.8948592621
34.0092874292 4.21079232415 -17.4650159077
6.69592147665 -11.936888836 -51.2089164604
-15.6930860942 11.1116650821 48.4792006859
20.2467310929 15.338160657 42.9048606546
-34.147267998 23.633857514 43.6310683472
3.48995695123 -7.6757341919 -47.7515176864
32.8778066236 -2.82644925222 -13.9008997512
41.5122620323 -8.95408288037 -18.1529199126
18.9198684788 8.31033812187 38.5467405346
-12.3773941947 48.0066657486 41.4487283578
19.7871748914 -4.78648644853 -11.1657347496
19.3728951057 8.06410034926 10.5856755284
3.46235412671 13.5774668409 23.4734129402
12.3609558595 -4.3170164648 1.24153663568
-9.84848804163 -6.27106196939 -29.9167239243
-40.151114996 28.6690422074 21.6209222151
-25.5773415971 -1.13001778572 5.30764398907
-37.712738754 26.4262998805 13.2621937238
7.21282906495 -13.1949169138 11.2467468061
35.8728421225 -10.171137491 3.03171566588
-19.482394276 37.5342914398 31.6928121085
64.0659433957 3.81857509006 19.6916500956
-4.43504889665 13.0452558691 46.2225663398
-11.6182240573 -0.952887312596 3.57893729841
2.28495816 21.4566542152 32.9531899552
-3.10707330418 49.3602814378 47.2175412464
-2.58311157114 9.62894151568 50.0500805268
-36.8410513871 34.4025648168 33.4621287075
2.98517425929 20.1765932351 34.5044174269
-2.78171074091 48.1785928304 49.0438242334
31.3534761007 16.0251994963 37.400811498
-1.78503832611 -33.3471895066 -41.9951896652
-17.1393378859 -1.84334523208 7.87737845833
-25.9471045191 36.0442667526 17.9277287461
-2.18719135156 2.70407306461 -38.7110131858
-8.05676461416 9.57645320648 -40.8352173248
-16.5567370732 12.7248022736 48.4022770803
-19.0344088463 -15.1582608637 0.468525977166
-29.7344410473 26.6745254143 -8.74161839864
-35.5135622136 23.6350027083 27.4919940636
-18.2099667767 41.7228126178 28.8925287362
-38.1425953243 34.9538071991 32.4036420114
3.31268921891 16.3377963865 28.85646119
-35.5372238503 28.6233626996 40.7073406082
-37.4665022733 32.4527090599 18.5957892474
-37.0009355728 28.8600563118 32.023281028
1.44509860615 19.6740794688 36.8801300546
-33.9789620799 30.6912087498 40.8662263216
-18.0647433532 42.4235734102 38.3310851886
-37.0626413982 30.2736659971 21.3607205192
3.48358088412 -3.16136482496 -42.7312864839
20.9743028379 7.8547997842 -30.9786761311
19.0419633395 7.39766955702 -32.2606344031
10.3396313343 -5.9732619426 -17.8766319634
-8.46459756179 9.44990617899 -43.4798987363
4.58551577322 11.7449402539 -35.2419058559
2.22434178377 7.50078164535 -33.4444498833
9.24820683497 14.2251970864 24.9189213637
15.4184525755 10.8249113717 -9.08718493657
3.79327478464 -7.79696284303 -46.0476093298
-24.8170156225 -6.1192247799 22.012546716
-10.5360750034 -6.54824858986 -36.857182468
50.6260420079 5.4687841801 18.6669158406
36.81755571 7.84346460478 30.2604760204
19.4237151625 15.392033802 37.8613129812
58.2179174922 0.681457970462 16.8517794418
54.8612326113 -12.5864112269 15.6368521237
16.340412252 19.944701331 30.8157329861
53.2580089103 -10.8259554032 9.59418784588
16.2256466937 7.76645068626 1.57703094185
24.1086928605 17.1526448473 28.3777469146
66.7273575983 -0.16090234132 18.1206138125
-16.6983426023 47.8357102408 42.2587836364
-52.739661146 35.1618005571 -0.701892851776
-22.7825972562 41.0388483275 43.7295060409
-49.2171030457 29.1115699223 -4.62884330567
-47.6248867001 16.0581777845 26.1233391019
-47.2349692889 25.5687748167 46.4044177123
-46.3050867148 28.0294915281 28.0896841876
-41.2975674811 35.1150429863 30.4013453619
-29.5829445026 39.5629039752 28.3229696059
-20.7631698352 42.8871170648 42.820617832
4.94667696038 -13.4052644985 10.929584645
51.3642239545 0.373090915676 7.00245995414
11.7497056279 -1.93400383567 -2.23358227852
32.9457296011 15.5829484551 32.6739663464
38.9895994605 7.34055751849 16.1417300362
44.4307926469 8.40738824244 14.0089147872
-1.46176191349 47.2363551161 46.9833964801
20.5994675835 6.68913755434 33.5897835982
47.6965977076 6.49460695323 20.9828800304
54.5017137416 -9.45872854188 4.19168549217
2.29527579209 18.6702838903 38.0534073007
-14.7169887052 43.8892712359 48.7775542012
-37.9735286792 31.801823014 31.2982363019
-21.6054670641 43.6796966543 25.0453689504
-46.0014626206 32.8673132825 28.9116456724
-47.4767828087 30.7465156176 28.6990505441
-45.0806516918 33.4387816715 35.0684470237
-44.729231533 36.4223264568 19.5037538375
-49.0718201289 33.9424715054 29.8811954497
-34.764595107 26.9025022935 22.0188582861
-32.3838472063 38.3869700399 18.4730594652
-40.337763487 26.1616674736 0.0353775674219
-39.9925806739 23.198755349 48.7565375868
-48.769382925 28.7504145242 25.1916816221
-38.9405200708 24.9663185107 43.0151017311
-48.0891284903 26.1428731536 47.8837984896
-26.9378519092 -7.96451462093 1.0168019931
-40.3835587114 22.9651708491 46.4438893604
-37.0533028135 27.0927584009 42.4412329666
-37.6999408385 31.5419398249 50.2752809644
-42.4877141496 23.3245493486 45.9074174282
-8.98011603379 55.3661216497 49.8136816113
-19.9730603125 43.8907202828 50.4145736011
-45.4888408681 31.3488086342 37.0841177154
-20.3121394032 41.9673668146 39.4520056602
-15.9481007123 50.7930663915 49.6040825215
-15.7665453539 43.4618612383 40.870644117
-23.8106649465 37.0697195265 24.0009760706
-17.9360205959 44.7252247505 39.2460440115
-46.0455532859 30.9505445865 31.1624339265
-16.9629979306 49.4813185574 48.0482377251
13.976445039 -2.30944831912 -4.91647156287
34.2611855179 6.07605040113 -16.0169524062
-4.4984504754 -23.9162749019 -37.105002328
-13.4397490967 -22.9894337271 -33.8651942775
-8.71168685795 -36.7592414313 -34.9033323151
-18.9986891563 -20.0656147668 -21.5136070817
-20.2992442441 -14.559085238 -4.13625548855
37.5358454371 7.74496011496 32.0833445177
0.526843659837 -31.2549542976 -36.928704214
19.6105745242 -42.3150057694 -24.5902640916
-19.2306448106 42.6457868619 26.7962063703
20.0532129879 4.88801968876 -31.6952188547
7.81485512142 1.54584883432 -14.8588859272
-24.1415653444 22.9774479736 4.35236876497
-35.8021740714 30.220165895 33.3152137275
29.45871013 9.61645756446 -16.9899419088
-4.06664188525 1.54642038624 -39.4864440642
-21.025347365 24.0462825931 -0.0757771292739
-17.0838154059 40.160510092 32.2910791769
4.12309497069 -6.78150775238 -2.27883957334
69.8248635082 3.94863538 20.1118075447
-36.5716814397 30.4648950774 -3.85367146388
35.7421348883 -7.45547285392 3.65518859244
46.5803516549 -11.5464205222 -18.1032661186
13.4164978642 18.5257069455 -5.32899328315
34.2502413966 -6.58221501303 -8.64659079525
9.22720707573 13.9183605405 40.1284396838
67.7064884304 3.49990158585 18.7849571794
8.96825517417 12.3387491076 -33.556187159
19.3427372324 17.8833287257 35.4172238097
17.6610632192 -3.43304435806 -23.1617220928
-26.1881377987 -18.6202169112 -8.09326977729
-1.57907463637 -55.3707171873 -25.6007581128
-6.26580277289 -61.2427691504 -27.8308310821
-12.5552115771 -18.7609954782 -12.7750943692
-11.2782591085 -42.6357119222 -27.3106002195
54.9594347391 -5.13631858888 5.53548876472
