30029961
30143498
8124417
0000003
7880306
3136470
5466962
5459290
5466964
3136472
00000010
00000011
00000012
3143268
00000014
00000015
00000016
3143273
7942819
00000019
30179099
3923043
8181755
00000023
5748406
4271839
4693165
30179100
5456521
4400561
7908864
4225816
5475060
8188769
00000034
8188769
8188770
4225824
4225825
8016650
5504783
00000041
30107860
3457988
7859822
00000045
5504778
1575588
1625802
3989302
8185838
8185841
3989308
8185844
8185845
7896744
5222955
4462070
7896754
1582274
3027953
00000061
397708
615012
658965
658961
6234306
500046
12050794
30185970
7871013
7871014
7871015
7871016
12050799
7871019
7871020
7871022
30047802
30087948
9647381
8298227
5815530
8172221
3947827
8172221
9638804
4458402
9617177
889471
4310991
00000091
8037843
8037844
8037845
8037846
8037848
8037849
8037851
30087514
30087515
8071114
2307748
5617223
8173953
30154301
5382653
4723196
7998816
3844170
7985089
6001011
6001012
6001013
6001014
6001015
6001016
6001017
6001018
6001023
6001024
30165248
337199
7962693
000000124
7962694
000000126
000000127
7962695
331198
7962701
30157753
000000132
8026677
5771304
7912749
8172437
000000137
30038185
000000139
30201712
8198326
8198325
30201723
8198329
30201724
8198328
8198327
30201737
8198330
5800348
7858666
8109387
7895867
8107687
8034004
8109412
8109413
8109414
5815556
8243969
000000161
30013852
000000163
7899242
7899241
30062850
30076106
30102835
30102836
30090001
30196229
8190803
8273750
5750485
5750487
3368164
5750494
30057398
5805189
30087626
7866077
30057256
3615543
7866081
4249297
7866084
8180549
000000188
8180554
000000190
8035831
30023379
30088777
000000194
3576146
7881125
000000197
000000198
549084
000000200
286093
5801495
341535
341542
341544
4305908
341545
4305910
1030612
7935396
8206880
5660040
3875474
8206881
3709444
5660041
8206885
5660046
8206889
4347674
30157820
9606657
000000223
4193337
30157821
30157822
30157823
30157824
5822210
30154630
8200293
8072233
8116033
5557084
8181384
8200297
8200298
8200302
4191073
8075467
8115059
8290450
000000243
5654643
5401711
2120275
1845614
4092058
7840632
8175695
5798436
5798447
5798451
000000254
000000255
000000256
000000257
000000258
000000259
000000260
000000261
000000262
000000263
4579468
7991610
8201572
7931712
7991611
7931713
7991612
7870705
7854179
8201572
7870707
1559629
000000276
5623486
4021965
4021966
000000280
000000281
7931286
4021970
7931287
7931291
4021975
7931286
000000288
30200642
30224603
11888037
375690
375694
375698
1774396
375700
5615532
8223878
3901549
3768655
5535705
4145836
932281
932282
3034751
3034752
8198567
5526044
8198569
5526055
4174226
8219931
8247081
8242951
30016966
5810084
5604188
5022958
4504682
5810087
6208088
4504684
5810090
5604188
2296165
2296165
3790189
1857264
1857265
1000946
3747109
000000332
000000333
927599
8075396
30144200
8282312
30198814
8075397
5716951
8075400
8075405
8075406
4264872
30107934
8117748
8181398
000000348
8157558
8148268
7936945
8181421
8181423
8166653
4656234
5811228
5835766
1527131
30136322
5575042
5504386
3964003
5504387
3964007
000000365
5504397
5504398
7903824
3904560
000000370
3957647
7931319
4000719
4000725
7931329
7960523
7931319
4723114
30114676
4723116
7958743
4723119
4723121
30121291
7975341
5397308
30114696
000000388
1799659
8105243
000000391
8035561
3023245
1648096
000000395
8036507
3023250
30196545
5632424
5632425
5632426
5632427
7924556
5632430
5632432
5632433
7924567
30214637
7933703
4681146
30214638
30214639
30214640
30113169
30214642
5674119
30214643
8243912
7881179
4235478
7881180
7855301
4181814
7881182
5750275
7881184
7881189
8262172
7887143
9609349
5634217
000000432
8289714
9647309
30003040
30003044
5665346
8239841
30154581
30200918
30166598
7970475
000000443
9636473
30053419
30053420
30053422
3588283
3062049
2990851
4114212
2990830
4114214
2099555
4114222
2990863
4114224
30002258
30203259
30077415
7903831
30166968
30002260
8287788
30077434
8277624
000000467
8271312
8233292
30003679
30107494
000000472
30118095
30118098
30118101
30118149
30105618
000000478
7841674
7841674
8028179
8028180
7928705
8028181
30102864
8028182
7928705
9646283
30164883
5702553
5702554
8234416
5696849
5702556
4005918
5653009
5702564
8158031
7891119
30054344
30054345
7891120
8158032
30054346
8158033
30054347
30054350
4820744
8200330
8045848
3081662
4820749
8035188
4820753
4820756
9617485
8270356
8190802
30144618
8070201
8094214
8094215
8094216
8094220
8094299
000000526
5572312
5702706
5389475
8247080
4081051
8233293
4081052
8252407
4397968
7999021
4397969
7859965
7858908
7859983
7859986
3037049
418596
000000544
1634328
1826467
418598
000000548
537749
000000550
905583
5402092
5388806
000000554
5599020
3976916
8042169
3436083
000000559
2950925
1144318
3337773
3411852
3078751
30157815
30135457
5734275
8060956
30135458
30157817
5442679
5409089
000000573
000000574
4336120
000000576
420035
000000578
000000579
5536206
000000581
3953196
000000583
5628083
000000585
3536905
7979764
5555751
30035554
000000590
1897011
30035555
30014276
30191739
000000595
000000596
2379811
30116024
2998358
30014278
4695587
2998367
7965323
7870472
5612283
8158015
5612284
7851330
8158016
5612285
8158017
8158019
5797100
8219168
5777833
30063772
8129245
5476552
5476553
5476556
7866804
000000622
3736176
000000624
000000625
000000626
000000627
000000628
5765883
2335493
5818487
30203331
5472103
30079085
30079086
4691278
5743804
8068881
30079088
30079091
7975408
8150558
5558306
8143052
8191199
7876552
8181753
8296543
5674470
3013119
30017602
1560045
30017605
30017606
4543502
851429
30011624
1560056
30029173
30244919
30029175
30244921
30029180
30244926
8167307
30244928
30244929
30029185
4144539
30124665
4630259
000000672
8189661
5704397
4144540
30079083
8193669
8233373
8233373
30136953
30136953
8233374
7953958
7953959
8233375
7953960
7953962
3832098
4252726
3753302
3753303
000000692
000000693
000000694
4252728
000000696
000000697
30216458
30079081
30034363
5828011
7945417
5820151
4262252
4764927
4764928
8138940
3692955
3928713
8138941
4591400
8138942
3928717
4354180
3973781
30197354
3074488
7956302
3853977
000000720
7956303
000000722
7956304
7956305
891993
3853980
430981
8304617
30040810
30208070
8171202
30040811
30040812
8171203
8129783
8171206
8171207
4369827
000000739
000000740
7896508
000000742
000000743
7896509
4646573
3053259
8170828
30181276
4583482
30181277
30181278
30181279
30181280
30181281
30181282
30181283
3403988
8199190
9613173
30191370
5445196
2214572
4333791
3940755
000000765
3404002
000000767
000000768
000000769
000000770
000000771
000000772
8109960
000000774
000000775
30024794
4381720
000000778
8033528
000000780
000000781
4381724
4381725
8033532
315872
8262124
8028701
5791706
5546489
8262125
5791707
8028703
8028705
8262129
8262133
7942948
9647324
4262073
000000799
7975242
8013829
105886
30113197
313002
1575518
1575520
105899
4312955
000000809
000000810
000000811
454477
7921208
4312959
81713
2951903
000000817
3946768
8152433
8086945
000000821
8086946
8152434
8086947
8152437
8152438
000000827
8090058
4249547
9631520
7861392
000000832
000000833
000000834
000000835
4512170
000000837
9631530
8104515
8104509
30134619
4821171
8104511
8104517
8104512
8104513
8104514
8104523
5495296
5551234
30169810
30179094
30120985
7935505
30179096
30120986
30120987
30120986
4660909
4854446
30113165
5449581
7965448
5588240
8028724
8028725
7965449
7965450
5639931
8004377
4443748
4076051
2347151
3706380
4706174
3172166
2119816
3922071
30072072
7877917
8042553
8244030
8141272
8244031
7877918
7877919
7877920
1928055
4182791
5638506
5638507
5638508
5638509
8252406
7925691
